0
1762.45
3153.80
3197.30
3182.00
3198.40
3190.40
3116.60
2869.90
3101.60
3106.40
2993.40
3034.30
2834.10
2797.40
2353.80
2770.20
2574.90
2556.10
2310.30
203.46
101.83
3172.20
3179.10
3191.90
3184.50
3197.60
3128.60
3009.90
2884.30
3034.30
3077.50
3065.60
2792.80
2834.40
2496.00
2859.50
2682.70
2551.10
2365.30
555.27
107.20
3196.20
3173.50
3189.00
3189.50
3185.40
3151.10
2910.50
2868.60
3047.50
3070.70
3002.20
2818.70
2883.70
2547.60
2850.70
2695.80
2618.20
2544.10
490.63
107.86
3195.70
3173.90
3184.70
3188.80
3180.60
3151.60
2866.20
2896.30
3061.40
3038.40
2988.60
2843.30
2894.10
2707.50
2645.70
2861.80
2672.20
2548.90
1237.13
107.87
3169.20
3184.80
3197.90
3189.20
3196.50
3160.20
3038.30
2813.20
3054.70
3061.60
3003.90
2897.00
2822.90
2830.60
2597.00
2803.40
2622.80
2534.30
1559.04
107.19
2330.53
3153.50
3196.10
3186.40
3196.80
3184.80
3027.90
2986.60
3092.40
3009.30
2983.70
2981.80
2881.80
2870.60
2463.40
2877.60
2600.00
2654.30
1630.00
106.94
2818.20
3181.40
3196.60
3197.20
3198.10
3182.40
3067.90
2927.40
3076.80
3054.80
3004.20
2979.90
2839.00
2854.10
2350.30
2894.20
2619.00
2631.90
2123.10
107.86
1940.17
3134.30
3194.50
3180.20
3196.10
3169.50
3098.30
2980.90
3046.10
3072.50
2975.70
3016.30
2863.70
2854.70
2330.70
2871.20
2623.20
2552.80
2141.60
107.90
1620.94
3147.20
3196.80
3180.10
3196.50
3175.20
3072.70
2967.00
3051.30
3027.90
3001.40
3017.80
2865.80
2825.40
2411.70
2891.80
2637.00
2626.60
2250.50
479.80
106.25
3164.50
3181.90
3165.40
3192.30
3181.20
3128.80
2930.80
2969.60
3062.20
3011.60
3005.30
2857.60
2852.30
2457.10
2850.40
2764.50
2687.10
2483.60
448.43
410.40
3151.70
3179.60
3175.50
3192.00
3179.80
3114.30
2888.90
3012.00
3073.20
3024.90
2981.30
2846.80
2863.40
2333.80
2868.50
2755.00
2655.80
2480.10
431.20
389.73
3147.60
3180.30
3174.30
3188.60
3190.90
3110.90
2890.10
3007.50
3071.10
2996.30
3004.40
2822.10
2863.80
2367.60
2866.40
2816.60
2501.80
2126.00
896.04
108.53
3196.40
3176.50
3182.90
3187.60
3190.40
3142.60
2891.20
2881.40
3070.00
3071.50
3014.80
2798.40
2816.70
2726.90
2704.40
2828.90
2553.10
2552.90
1438.10
106.88
3184.00
3181.30
3196.70
3191.00
3197.00
3148.90
2909.10
2865.10
3032.60
3063.00
3008.80
2831.20
2890.50
2664.90
2777.60
2818.20
2710.20
2477.20
1112.05
106.56
3196.10
3174.20
3187.60
3194.20
3193.60
3148.80
2866.00
2891.60
3085.10
3054.50
2983.70
2899.00
2851.20
2512.90
2852.40
2709.50
2628.90
2429.40
942.91
106.87
3195.10
3185.00
3197.70
3191.00
3196.80
3132.10
2846.60
2886.50
3074.20
3054.80
3028.80
2864.40
2838.40
2659.80
2747.20
2842.40
2650.00
2586.10
1317.95
107.71
3168.40
3170.40
3197.90
3173.90
3194.50
3158.40
2978.40
2851.00
3061.00
3041.50
3003.70
2891.10
2862.30
2662.30
2696.40
2835.50
2600.70
2489.30
1385.60
107.70
3140.40
3186.10
3197.10
3192.10
3194.80
3164.80
3007.20
2867.50
3074.20
3094.50
2986.50
2907.80
2888.70
2804.60
2555.30
2879.10
2612.40
2620.60
1517.40
106.61
2798.70
3189.80
3197.20
3197.60
3196.70
3189.90
3052.90
2913.70
3094.80
3088.00
3016.80
2938.00
2853.80
2885.20
2594.80
2842.90
2582.10
2630.90
1438.14
107.83
2347.52
3159.10
3197.40
3186.50
3196.60
3181.20
3118.30
3023.90
3081.30
3081.20
3049.80
2851.70
2819.10
2807.60
2684.00
2855.70
2690.90
2672.10
1276.70
106.94
3159.80
3181.60
3197.30
3190.50
3196.50
3181.90
2988.20
2842.10
3053.20
3051.80
3003.10
2873.40
2880.60
2749.90
2692.10
2824.20
2701.40
2635.90
1236.52
108.12
3173.10
3153.60
3196.60
3192.50
3195.20
3159.50
2901.50
2831.30
3063.00
3055.50
3023.80
2840.00
2873.40
2641.70
2805.90
2761.20
2666.20
2511.20
1030.43
106.87
3180.30
3182.40
3197.00
3188.80
3197.20
3130.20
2896.10
2837.60
3076.40
3020.90
3023.30
2904.60
2869.30
2599.50
2773.30
2791.40
2684.60
2388.20
1204.12
107.87
3163.40
3180.10
3196.90
3183.80
3195.30
3177.40
2936.50
2857.00
3069.40
3041.60
2997.90
2858.20
2844.90
2648.20
2680.40
2870.10
2693.80
2614.10
1262.70
106.69
3163.30
3183.70
3194.70
3188.40
3197.30
3173.40
2990.40
2803.30
3036.50
3059.40
3031.10
2866.90
2819.00
2866.00
2600.50
2880.30
2552.70
2624.10
1424.50
105.90
3171.60
3167.60
3198.30
3193.60
3197.10
3172.20
2981.40
2818.40
3057.30
3071.80
3015.00
2874.10
2879.40
2709.60
2679.60
2846.20
2682.50
2683.20
1425.80
107.94
3170.30
3182.20
3197.00
3190.90
3195.60
3172.40
3012.00
2882.50
3087.80
3058.40
2992.90
2908.00
2862.00
2700.00
2718.20
2798.30
2736.30
2574.60
1315.13
107.55
3170.80
3184.20
3196.40
3197.10
3197.70
3162.80
3008.90
2826.00
3052.10
3066.60
2986.70
2898.00
2827.10
2843.60
2568.70
2879.00
2525.00
2668.20
1413.14
107.03
2032.21
3149.70
3190.40
3185.90
3197.90
3182.30
3058.40
2986.20
3055.60
3070.10
2973.90
2978.10
2883.50
2853.70
2401.80
2858.30
2677.60
2686.30
1981.30
107.88
2098.11
3151.40
3197.20
3188.00
3188.70
3174.00
3086.00
2970.30
3060.90
3052.10
2997.80
3048.20
2876.40
2878.50
2392.10
2863.30
2645.30
2669.20
2250.30
106.91
736.48
3153.10
3183.90
3184.70
3196.70
3181.50
3089.40
2914.80
3059.60
3098.10
2994.10
3002.70
2856.90
2835.70
2415.20
2871.00
2730.60
2706.50
2230.20
112.02
1047.00
3151.60
3196.30
3187.60
3193.20
3194.90
3078.20
2897.70
3021.30
3084.80
2975.20
3026.00
2855.10
2883.60
2381.30
2901.00
2714.50
2690.70
2126.80
122.15
1014.68
3146.20
3197.60
3180.30
3197.40
3184.50
3072.10
2901.40
3058.00
3061.20
3044.70
3020.50
2857.40
2871.30
2332.80
2855.40
2686.30
2704.00
2459.90
356.63
393.71
3151.50
3180.20
3188.70
3191.50
3186.50
3120.50
3016.30
3079.70
3091.00
3015.10
3028.20
2890.70
2827.40
2370.80
2831.10
2668.70
2628.30
2224.80
273.07
709.05
3152.90
3189.70
3180.40
3196.80
3190.50
3105.70
2881.50
3069.30
3080.60
3015.30
3012.10
2884.10
2862.70
2361.80
2853.90
2583.50
2609.00
2350.30
367.62
532.42
3152.90
3185.60
3191.40
3193.20
3179.90
3095.60
2843.60
3007.40
3053.40
3027.30
2993.90
2880.20
2873.00
2396.60
2878.20
2864.00
2610.40
2417.70
480.58
397.04
3153.00
3171.60
3182.60
3188.40
3189.30
3124.00
2890.50
3018.50
3063.70
3023.90
3006.60
2862.20
2863.10
2382.30
2897.40
2784.50
2655.00
2343.70
882.43
388.24
3152.50
3180.50
3182.00
3190.30
3190.50
3122.20
2891.80
2948.90
3071.50
3065.80
3028.00
2853.40
2900.40
2464.10
2875.10
2798.30
2564.90
2367.20
694.73
900.49
3150.10
3196.60
3179.20
3195.50
3188.20
3104.10
2915.20
3032.50
3069.20
3001.60
3002.50
2834.60
2880.80
2371.00
2837.80
2685.60
2679.20
2373.50
229.44
774.09
3152.60
3195.20
3183.00
3192.50
3183.50
3079.30
2891.00
3073.90
3074.50
3001.40
2981.00
2871.40
2890.30
2406.50
2902.10
2550.60
2638.40
2309.50
446.77
149.75
3160.30
3183.90
3183.30
3189.90
3189.80
3111.30
2859.30
2890.90
3073.90
3080.30
3008.40
2898.50
2819.00
2619.80
2742.80
2832.20
2661.60
2667.30
1341.10
107.87
3184.60
3184.90
3195.80
3193.00
3196.00
3127.90
2906.70
2875.70
3111.60
3029.90
3016.50
2885.40
2881.00
2449.50
2892.40
2815.10
2605.20
2299.50
1039.55
108.85
3175.50
3188.30
3197.60
3188.00
3197.90
3168.10
2954.40
2885.30
3068.20
3035.50
3022.10
2931.70
2868.80
2857.90
2628.40
2892.60
2594.50
2599.00
1545.90
106.80
2893.00
3188.60
3196.90
3196.40
3196.40
3184.60
3038.40
2870.10
3100.60
3081.10
3008.20
2903.40
2878.40
2857.60
2631.30
2891.50
2643.20
2669.10
1341.35
106.91
2774.90
3189.20
3195.80
3197.10
3195.40
3180.10
3023.50
2903.70
3040.80
3079.40
3003.40
2904.10
2851.50
2894.90
2533.90
2844.50
2637.50
2572.20
1935.70
105.89
3106.50
3197.80
3196.50
3188.50
3197.50
3180.00
3036.70
2900.10
3084.80
3063.40
3021.30
2881.80
2888.80
2806.20
2422.60
2896.60
2545.00
2624.70
1768.30
107.53
2721.33
3166.70
3198.50
3196.90
3195.60
3190.40
3039.50
2968.10
3051.00
3089.50
2953.50
2993.90
2874.60
2862.80
2452.60
2898.40
2604.70
2583.90
1909.76
107.70
2742.80
3163.20
3196.10
3197.50
3196.80
3180.50
3024.00
2905.70
3062.60
3077.90
2977.70
2894.20
2841.60
2875.20
2405.50
2904.30
2714.00
2630.60
2067.20
105.90
3026.10
3196.60
3196.50
3190.20
3196.90
3167.90
3020.20
2838.50
3061.30
3081.60
2970.30
2949.60
2836.50
2883.20
2495.30
2861.00
2660.80
2708.80
1508.40
106.87
3176.80
3183.30
3195.70
3191.10
3196.70
3152.20
2892.20
2832.50
3064.60
3061.80
3032.10
2859.60
2801.40
2764.90
2721.30
2852.00
2679.00
2526.70
1424.50
105.92
3195.00
3183.40
3197.00
3182.40
3196.00
3122.20
2885.90
2895.90
3084.20
3046.00
3024.40
2839.60
2886.80
2577.50
2858.70
2818.40
2604.60
2302.00
1132.97
107.61
3167.20
3180.80
3194.70
3194.80
3195.50
3176.00
3025.30
2876.40
3100.00
3074.10
3007.30
2867.80
2891.60
2825.60
2592.70
2890.60
2563.90
2575.90
1610.00
108.85
3147.00
3184.40
3197.90
3190.90
3196.70
3189.50
3031.70
2819.40
3054.00
3072.90
2988.60
2910.10
2851.40
2795.50
2535.90
2872.40
2657.40
2595.90
1117.09
105.79
3147.00
3197.40
3197.30
3193.00
3196.40
3190.20
3059.30
2816.20
3084.40
3053.20
2980.80
2881.50
2867.80
2783.10
2579.10
2866.70
2568.50
2612.80
1542.20
106.86
2652.92
3166.60
3196.10
3197.60
3198.00
3180.50
3044.50
2932.30
3091.20
3103.00
3010.60
2978.10
2898.90
2904.20
2564.90
2879.80
2595.50
2678.40
1866.30
106.81
1663.10
3148.80
3197.80
3174.00
3197.50
3164.40
3106.30
2964.10
3068.00
3076.70
3003.80
2994.90
2878.30
2842.90
2399.50
2829.90
2684.60
2635.30
2324.30
422.56
1648.86
3141.50
3197.20
3185.10
3197.50
3190.50
3097.10
3001.00
3090.90
3040.80
2979.70
2985.60
2831.90
2867.50
2447.30
2881.80
2692.00
2677.10
2253.90
229.37
404.92
3151.20
3185.00
3181.70
3195.30
3186.50
3108.50
2902.10
3031.90
3087.70
3039.60
3002.50
2886.20
2887.50
2450.30
2920.70
2741.10
2598.80
2191.60
299.99
480.54
3152.50
3185.50
3173.70
3196.60
3192.30
3114.80
2904.80
3104.20
3112.40
3028.60
2995.50
2856.90
2878.30
2392.50
2877.10
2600.70
2638.50
2288.50
184.89
1328.03
3147.90
3181.50
3179.60
3196.40
3178.90
3098.10
2889.70
3064.90
3032.10
2991.50
2989.20
2819.00
2853.10
2338.10
2861.10
2656.30
2634.90
2408.30
216.74
743.76
3143.60
3185.60
3175.40
3196.50
3190.30
3117.90
2916.40
3095.30
3055.40
3039.30
2995.60
2870.60
2865.10
2377.80
2835.40
2850.60
2685.10
2453.80
590.73
1174.98
3150.80
3198.00
3187.40
3198.00
3187.70
3099.40
2928.60
3106.30
3087.00
2997.50
3014.60
2816.90
2858.30
2338.40
2877.40
2693.80
2613.90
2387.40
282.36
108.81
3174.20
3182.90
3160.60
3188.90
3187.20
3144.90
2907.30
2925.70
3034.90
3054.50
3010.30
2877.30
2886.10
2670.90
2782.30
2799.60
2628.90
2539.00
1292.49
109.54
3182.00
3168.60
3196.60
3191.40
3196.30
3147.50
2877.70
2821.30
3061.10
3058.60
2995.40
2868.30
2875.50
2745.00
2684.30
2821.90
2598.10
2614.30
1356.49
107.88
2608.99
3164.00
3197.70
3197.30
3197.90
3184.30
3067.80
2960.50
3070.40
3125.80
3010.80
2955.90
2890.30
2800.00
2356.50
2873.00
2703.90
2594.10
1864.61
109.53
1899.05
3150.80
3195.80
3179.80
3197.00
3173.90
3078.80
2996.20
3103.90
3090.30
3025.40
2990.00
2902.60
2846.20
2429.00
2852.20
2642.40
2697.90
2039.50
107.55
2262.73
3144.30
3198.10
3192.00
3187.10
3173.30
3068.90
2993.30
3058.60
3060.90
3001.60
3013.70
2856.40
2880.00
2321.60
2852.40
2709.20
2640.50
2111.00
122.15
1271.17
3152.40
3196.90
3181.40
3197.80
3189.60
3067.30
2919.60
3079.40
3016.70
3008.20
3000.30
2861.30
2868.80
2366.80
2882.40
2677.70
2581.40
2134.70
191.67
1140.00
3152.20
3196.20
3183.50
3197.60
3181.50
3111.10
2913.50
3056.30
3081.10
3023.80
2984.70
2841.20
2878.50
2413.40
2878.30
2695.50
2636.00
2319.30
556.56
364.57
3160.00
3182.90
3186.60
3194.20
3186.20
3137.80
2891.30
2965.70
3060.30
3025.40
3024.50
2865.10
2868.20
2429.50
2849.30
2819.90
2698.50
2445.70
752.50
631.21
3153.40
3187.10
3177.60
3196.80
3185.60
3106.50
2885.70
3074.60
3048.60
3008.80
3003.60
2867.70
2897.30
2340.60
2854.80
2631.50
2597.80
2363.00
427.14
462.84
3154.40
3183.90
3188.30
3196.80
3184.30
3116.10
2897.60
3090.90
3107.60
3002.90
2993.90
2880.20
2884.00
2490.70
2887.70
2667.60
2591.00
2360.70
607.63
106.56
3173.20
3180.80
3175.80
3192.00
3193.40
3146.00
2893.90
2945.10
3059.90
3105.90
3007.60
2846.10
2866.10
2567.90
2851.60
2759.70
2694.40
2408.50
1039.74
106.88
3176.20
3181.00
3196.30
3190.80
3190.40
3152.90
2918.20
2847.80
3060.80
3080.20
3015.30
2895.40
2839.90
2767.20
2521.40
2893.00
2668.90
2559.70
2005.70
107.88
2321.11
3159.50
3197.70
3188.50
3197.00
3186.60
3081.70
2969.90
3052.70
3058.70
3026.20
2993.10
2874.60
2858.60
2422.40
2867.30
2693.40
2617.30
2275.20
129.29
1326.21
3152.50
3196.20
3173.30
3197.50
3186.40
3101.60
2954.40
3101.60
3096.10
3030.30
3017.40
2841.10
2861.90
2346.60
2868.10
2644.10
2609.30
2238.30
194.87
1028.36
3151.70
3197.40
3179.80
3190.80
3191.40
3099.00
2923.50
3098.10
3080.00
2954.70
3014.00
2840.70
2850.40
2367.60
2835.10
2637.20
2574.80
2348.10
349.56
499.21
3151.90
3186.40
3183.80
3182.70
3188.70
3098.00
2878.30
3043.10
3086.20
3018.30
3009.00
2884.30
2846.80
2381.60
2883.50
2683.20
2628.60
2415.30
397.37
1745.91
3144.60
3196.50
3182.10
3190.00
3167.10
3062.50
2973.50
3065.70
3058.40
2973.70
2979.20
2880.10
2877.20
2339.90
2906.10
2644.20
2593.00
2192.60
107.70
1297.55
3152.60
3196.60
3181.20
3195.90
3188.10
3087.30
2906.30
3056.60
3030.90
3031.10
3008.90
2856.90
2864.70
2374.50
2888.20
2678.50
2508.80
2332.30
333.49
470.00
3151.70
3187.20
3158.70
3197.30
3177.80
3106.90
2879.40
3023.40
3026.20
3025.60
3024.20
2900.50
2879.80
2411.70
2889.50
2820.30
2583.80
2265.20
973.07
402.74
3150.20
3180.40
3179.10
3194.10
3177.10
3090.30
2883.20
3055.70
3045.50
3022.50
2997.30
2871.00
2853.00
2416.80
2877.90
2774.80
2689.70
2282.80
863.33
107.61
3194.60
3170.80
3182.30
3187.10
3176.20
3126.80
2911.90
2967.70
3116.70
3032.30
3060.20
2868.70
2827.00
2547.50
2906.50
2787.30
2610.50
2375.80
1137.48
108.52
3173.10
3184.40
3197.00
3192.70
3198.10
3156.30
2931.20
2904.60
3033.80
3074.60
3028.60
2886.80
2868.70
2676.20
2690.10
2836.50
2662.50
2534.40
1361.40
106.98
3180.20
3181.40
3185.10
3184.50
3185.50
3144.20
2881.10
2957.20
3054.70
3085.90
3005.00
2823.10
2902.20
2493.00
2854.20
2756.20
2697.10
2293.60
803.76
107.22
3194.30
3181.50
3197.40
3188.90
3193.70
3141.40
2885.20
2897.60
3080.10
3062.80
3043.10
2886.00
2831.90
2592.80
2838.50
2726.20
2656.80
2388.70
1180.58
107.84
3168.20
3184.00
3197.70
3177.40
3186.00
3156.80
2962.40
2903.60
3043.60
3091.20
3013.00
2929.30
2828.50
2746.50
2607.30
2901.70
2662.60
2626.00
1446.50
106.60
2913.20
3188.80
3197.60
3195.90
3195.80
3186.70
3054.50
2885.10
3059.50
3085.10
3000.20
2941.40
2858.30
2882.40
2498.00
2847.10
2616.20
2646.30
1638.22
108.86
2635.38
3163.20
3195.00
3196.90
3172.80
3181.70
3079.30
2952.70
3043.90
3065.00
3029.40
2953.60
2831.20
2844.40
2567.90
2878.90
2549.90
2618.10
1341.70
106.88
1706.45
3145.30
3196.30
3181.20
3196.60
3134.90
3086.20
3001.80
3037.50
3086.10
3011.50
3012.70
2865.60
2871.10
2371.60
2897.30
2665.60
2548.20
2331.50
495.72
1199.51
3150.20
3196.00
3183.80
3198.10
3179.90
3119.00
2927.00
3046.80
3091.30
3022.80
3003.80
2849.30
2870.50
2355.40
2843.40
2616.60
2655.30
2394.00
346.72
230.87
3154.10
3170.50
3173.90
3192.10
3183.50
3124.30
2873.90
2928.60
3051.50
3076.50
3031.10
2845.20
2848.90
2409.90
2824.40
2787.60
2654.70
2291.70
1075.99
176.68
3165.00
3181.00
3180.90
3192.00
3180.00
3129.60
2838.90
2964.50
3098.30
3040.40
3024.00
2846.00
2854.20
2437.80
2799.50
2805.90
2661.50
2347.70
1136.83
107.55
3170.50
3182.80
3189.80
3182.60
3176.40
3158.10
2976.90
2802.70
3067.90
3081.30
3065.40
2813.00
2858.80
2708.10
2738.80
2889.00
2689.00
2432.80
1301.36
105.62
3145.60
3183.10
3161.70
3182.00
3170.00
3144.50
2859.60
2902.70
3065.60
3066.20
3017.00
2789.50
2872.50
2591.60
2897.60
2758.30
2674.50
2337.40
1058.12
108.14
3134.40
3185.00
3196.30
3189.80
3194.60
3144.40
2933.70
2868.30
3061.30
3074.80
3012.00
2886.10
2847.00
2828.00
2538.80
2844.80
2626.40
2644.80
1684.20
106.57
81.91
