0
1276.57
3196.40
3087.50
3197.80
3196.10
3195.30
3175.10
3181.60
3195.70
3194.50
3186.40
3164.30
3093.80
2908.70
3011.50
2811.30
3056.50
3034.10
3065.90
3047.40
2974.00
3058.30
3021.70
2884.20
2890.50
2873.60
2813.80
2433.00
2328.40
2791.20
2818.90
2652.80
2548.50
2726.30
2705.40
2010.70
1455.58
443.44
106.97
103.76
2990.20
3188.70
3195.30
3176.80
3195.40
3198.10
3196.80
3195.40
3197.50
3178.60
3189.00
3149.60
3034.30
2941.80
2714.90
3042.50
3075.30
3064.10
3041.50
3019.30
3045.40
3019.40
2788.10
2835.10
2900.90
2834.70
2831.20
2305.00
2791.90
2883.50
2825.60
2724.70
2680.10
2574.30
2350.50
1906.00
869.86
107.40
105.88
2371.27
3195.40
3186.80
3170.70
3196.00
3197.10
3196.60
3194.20
3197.20
3195.80
3169.30
3129.90
3053.00
2796.70
2909.40
3047.40
3088.70
3076.80
3059.80
3039.00
3010.50
2985.30
2842.20
2872.80
2914.10
2871.90
2820.90
2293.10
2619.30
2816.20
2782.20
2791.50
2604.20
2590.40
2568.80
2403.70
1148.30
366.42
106.90
107.43
3120.90
3197.50
3196.40
3196.30
3197.40
3170.20
3198.00
3197.00
3195.90
3190.00
3196.70
3104.80
2989.90
2972.80
2661.30
3041.80
3073.50
3066.00
3065.60
2985.20
3002.20
2984.30
2862.10
2864.40
2842.50
2855.20
2457.80
2291.40
2812.40
2843.70
2588.00
2626.20
2613.50
2604.50
2392.40
1627.32
931.70
107.89
108.45
2745.26
3197.20
3195.90
3172.00
3197.90
3195.90
3197.30
3196.60
3195.60
3196.50
3191.80
3144.70
3023.20
2888.80
2796.50
3016.70
3083.30
3061.90
3064.10
2994.40
3006.70
3025.10
2858.80
2844.30
2879.60
2830.80
2834.90
2286.10
2754.80
2821.60
2872.40
2671.30
2526.00
2644.20
2650.60
2202.80
1436.20
108.34
107.88
1000.98
3194.90
3116.70
3171.00
3198.30
3197.10
3190.50
3181.70
3196.70
3197.60
3193.80
3140.90
3034.40
2708.90
2952.40
3065.90
3073.40
3055.60
3041.90
3014.60
3010.20
3007.20
2996.70
2886.00
2874.10
2864.40
2833.30
2412.40
2501.90
2856.80
2829.40
2776.00
2598.40
2552.80
2550.50
2297.10
986.48
473.13
105.85
106.89
2269.38
3193.70
3189.10
3171.50
3195.10
3196.60
3197.10
3190.70
3197.60
3196.00
3193.10
3131.50
3032.40
2737.40
2919.50
3078.10
3058.80
3051.40
3071.90
3072.90
2993.60
2999.70
2931.20
2878.20
2887.80
2886.80
2880.50
2381.70
2619.80
2829.60
2858.10
2754.70
2577.30
2601.80
2573.90
2545.50
1119.05
106.76
105.74
1296.19
3195.40
3111.80
3171.30
3196.10
3198.10
3194.50
3188.00
3196.70
3198.10
3178.00
3108.10
3056.00
2733.90
2989.50
3034.70
3068.30
3057.30
3058.50
3069.60
2987.90
3024.40
2904.30
2872.80
2847.30
2895.30
2840.20
2390.60
2395.70
2782.20
2816.50
2574.30
2613.50
2567.10
2596.40
2135.20
1425.23
644.50
107.20
107.91
3137.60
3195.00
3196.00
3195.90
3198.20
3168.20
3196.50
3196.20
3197.50
3185.50
3193.40
3141.90
3035.50
2978.80
2695.10
3032.80
3024.60
3074.40
3067.80
2974.60
3022.30
3013.60
2918.40
2903.90
2857.10
2833.10
2777.00
2357.80
2836.70
2842.10
2812.60
2644.40
2610.00
2562.00
2567.20
2676.70
1377.00
105.89
106.89
227.07
3151.90
3102.60
3197.10
3196.20
3198.00
3176.10
3189.70
3189.30
3196.70
3175.00
3171.10
3079.10
2952.70
2965.10
2773.50
3077.90
3043.90
3066.20
3051.00
2968.00
3020.10
2982.80
2847.80
2851.50
2816.30
2860.40
2625.10
2393.80
2873.50
2863.60
2695.80
2392.16
2670.60
2633.10
2425.80
1439.83
715.39
107.90
106.88
2444.19
3195.60
3187.00
3169.60
3196.60
3197.80
3196.90
3188.60
3197.70
3196.50
3193.30
3155.20
3053.30
2814.00
2865.50
3034.40
3073.50
3092.40
3049.90
3043.80
3028.30
2980.40
2885.30
2862.40
2812.00
2832.80
2816.60
2361.80
2526.10
2894.90
2806.90
2861.00
2576.80
2606.70
2597.50
2444.00
902.72
137.58
107.88
107.89
3135.20
3195.40
3196.40
3195.30
3197.10
3170.50
3195.40
3197.00
3197.80
3179.20
3194.70
3126.70
3015.00
2989.80
2676.20
3060.00
3072.00
3062.10
3074.00
2937.90
3010.50
3033.70
2818.90
2898.10
2904.80
2882.50
2694.60
2329.40
2816.10
2877.70
2832.50
2763.20
2569.10
2612.70
2641.50
2599.50
1202.77
107.41
107.86
579.86
3196.40
3113.70
3191.30
3196.60
3198.00
3184.10
3188.60
3193.10
3197.10
3197.30
3136.00
3056.30
2811.00
2991.10
3017.00
3071.90
3082.50
3056.20
3037.30
2984.90
2999.20
3011.50
2856.60
2932.80
2959.60
2846.60
2464.70
2389.60
2864.20
2864.90
2705.30
2727.00
2723.10
2690.90
2269.10
1463.06
911.03
107.69
107.21
2630.69
3197.20
3196.10
3177.00
3198.50
3195.10
3197.60
3192.00
3196.60
3196.70
3191.90
3110.30
3058.20
2973.60
2932.00
3092.50
3091.80
3080.40
3068.60
2906.60
3036.30
3000.10
2878.10
2871.60
2885.60
2919.50
2819.10
2393.70
2815.90
2885.40
2855.00
2722.90
2574.60
2581.30
2579.00
2587.70
1103.49
107.19
105.91
106.88
3136.70
3126.90
3195.20
3196.30
3195.50
3165.10
3198.60
3197.10
3197.20
3184.40
3193.40
3075.10
2879.20
2999.70
2735.00
3055.00
3070.60
3076.00
3020.20
2907.30
3010.90
2997.80
2874.60
2900.20
2860.00
2928.50
2690.50
2395.40
2842.40
2785.20
2794.90
2813.20
2621.60
2601.10
2559.00
2594.00
903.92
171.09
106.87
106.87
3101.50
3197.70
3196.80
3178.30
3197.70
3194.40
3198.40
3196.50
3196.90
3188.10
3192.90
3134.90
3018.60
3012.00
2673.80
3086.20
3096.40
3067.20
3037.70
2973.60
3022.60
3015.90
2833.30
2847.40
2880.00
2848.60
2572.60
2384.30
2824.90
2891.40
2813.80
2585.30
2707.40
2612.10
2649.30
2271.30
1317.10
107.55
107.21
210.17
3158.90
3111.50
3197.50
3197.30
3194.70
3179.90
3180.90
3196.30
3197.80
3192.80
3183.80
3041.40
2841.60
2997.50
2889.10
3085.30
3091.90
3033.00
3042.60
2955.90
2989.30
2993.10
2847.60
2877.40
2864.80
2849.90
2504.20
2377.70
2806.80
2881.80
2791.90
2632.40
2633.60
2591.00
2551.90
2164.20
1037.37
107.23
108.24
3142.20
3194.50
3196.00
3197.50
3195.90
3170.00
3197.70
3197.40
3196.20
3189.00
3185.70
3120.90
2996.30
3007.00
2680.90
3028.10
3057.80
3039.20
3053.80
2970.60
2978.90
2991.50
2877.00
2875.50
2881.60
2865.60
2656.90
2312.70
2816.10
2859.50
2910.90
2774.70
2661.90
2506.10
2600.70
2455.80
1393.00
108.50
107.56
1002.19
3195.00
3108.60
3163.70
3194.60
3196.50
3187.90
3179.20
3197.00
3196.90
3187.90
3113.50
3027.60
2713.50
2949.90
3035.80
3036.10
3060.90
3044.70
3059.10
3016.00
3003.50
2936.10
2860.10
2816.90
2854.50
2819.00
2374.20
2389.70
2840.90
2876.90
2779.10
2547.00
2580.60
2601.60
2494.60
1850.30
1004.59
107.70
107.89
2705.16
3195.30
3197.00
3171.00
3198.10
3197.70
3196.60
3192.60
3197.50
3196.30
3191.50
3145.70
3051.60
2970.00
2920.60
3089.70
3083.70
3090.90
3090.50
2851.30
3001.80
3052.60
2854.40
2844.90
2887.40
2869.00
2711.30
2358.50
2834.90
2868.20
2908.00
2749.20
2599.20
2651.10
2544.50
2500.00
1392.20
108.55
106.87
662.79
3195.90
3110.20
3181.20
3196.60
3196.40
3177.20
3193.00
3196.90
3195.70
3197.00
3125.90
3044.70
2690.90
2966.60
3007.80
3059.60
3046.20
3062.80
3027.00
2976.90
3001.10
2995.50
2917.20
2876.60
2839.60
2854.50
2353.20
2362.50
2859.90
2876.10
2774.70
2569.10
2634.00
2599.80
2398.40
1756.80
1369.40
107.53
106.88
1935.57
3196.50
3144.40
3184.70
3197.90
3197.30
3198.00
3188.70
3191.70
3193.90
3179.00
3129.10
3019.00
2789.40
2955.60
3053.80
3062.80
3063.00
3069.20
3039.60
3019.20
2999.00
2928.60
2885.60
2879.10
2869.50
2849.90
2327.80
2490.60
2877.60
2857.80
2594.10
2622.70
2549.60
2631.50
2252.10
1405.61
459.60
106.29
408.19
3166.30
3117.60
3197.80
3196.80
3196.60
3173.00
3188.00
3189.50
3195.90
3191.00
3157.30
3027.10
2760.00
2976.40
2907.10
3068.30
3061.30
3075.60
3025.90
2988.80
3000.90
2993.70
2864.30
2835.50
2891.90
2816.20
2658.20
2415.20
2819.40
2841.60
2835.80
2671.60
2570.20
2543.10
2564.80
2399.10
1425.80
107.21
106.33
598.16
3195.60
3114.30
3180.00
3197.10
3197.80
3172.80
3178.20
3197.00
3196.80
3197.60
3115.80
3061.30
2672.00
3008.30
3018.30
3045.40
3028.60
3050.40
3060.50
2985.00
3029.00
2912.00
2837.30
2822.30
2856.90
2849.10
2393.90
2362.70
2854.80
2881.70
2807.20
2612.70
2605.40
2659.40
2646.00
1681.90
801.88
107.65
106.88
2371.18
3193.50
3185.60
3169.50
3197.50
3195.30
3198.30
3190.80
3196.10
3197.70
3191.80
3144.60
3007.20
2857.40
2907.20
3041.50
3048.20
3060.90
3056.30
3014.50
3016.00
3016.50
2960.80
2851.00
2864.80
2853.70
2932.40
2386.00
2452.50
2859.10
2894.70
2679.80
2651.90
2623.20
2614.00
2176.60
1545.50
383.51
106.85
107.22
3146.90
3125.40
3195.80
3196.30
3197.20
3170.50
3196.70
3197.30
3196.90
3182.60
3165.10
3064.20
2887.80
2985.90
2736.10
3080.80
3083.20
3058.10
3054.90
2937.50
3008.30
2995.50
2862.10
2866.40
2821.60
2855.90
2664.80
2388.00
2808.60
2882.30
2810.20
2687.80
2603.40
2639.70
2640.30
2581.10
1458.30
108.19
106.95
1051.81
3195.90
3110.20
3170.90
3198.00
3197.00
3191.80
3188.00
3197.60
3191.20
3193.40
3150.50
3031.70
2735.50
2964.80
3053.60
3073.00
3068.00
3067.50
3079.60
3018.90
3019.80
3008.50
2869.60
2847.40
2843.00
2856.40
2377.00
2416.50
2857.30
2923.00
2639.90
2590.30
2662.60
2656.90
2234.50
1311.11
1338.30
106.81
106.57
3125.30
3196.20
3194.90
3176.20
3197.30
3196.50
3197.40
3197.90
3198.30
3162.60
3177.80
3143.50
3004.30
3007.10
2667.00
3050.00
3040.10
3065.60
3076.90
2918.80
3017.70
3004.60
2856.10
2840.70
2853.60
2877.60
2766.80
2390.50
2817.90
2853.00
2889.60
2598.33
2663.60
2602.90
2573.80
2661.10
901.94
597.19
105.92
419.39
3164.80
3111.60
3197.20
3197.80
3198.30
3167.50
3194.80
3197.60
3197.70
3197.00
3155.10
3032.80
2749.70
3011.60
2996.40
3070.60
3056.20
3087.10
3080.60
2997.60
3000.30
2904.10
2851.50
2856.90
2859.30
2866.50
2352.30
2427.20
2869.20
2870.20
2675.50
2572.50
2665.40
2638.50
2394.90
1614.20
744.99
108.87
106.91
2804.80
3195.30
3196.10
3165.20
3198.10
3196.60
3197.50
3197.70
3197.20
3188.80
3190.40
3123.00
3012.60
2976.70
2746.70
3034.70
3063.90
3075.80
3062.20
2992.40
3020.90
3012.00
2924.00
2885.10
2866.60
2838.10
2906.80
2345.90
2692.50
2892.70
2869.30
2938.30
2686.20
2594.00
2513.00
2366.60
1351.00
107.54
108.87
410.77
3172.80
3115.60
3197.80
3195.40
3197.60
3169.80
3181.50
3196.10
3196.90
3197.10
3145.20
3065.70
2813.30
3005.10
2920.40
3066.70
3040.00
3075.80
3078.70
3019.40
3002.50
2932.30
2824.90
2860.20
2831.00
2863.60
2326.30
2352.30
2870.10
2889.60
2736.00
2512.84
2662.50
2705.70
2474.80
1669.13
1128.29
105.90
106.88
2079.35
3194.60
3182.00
3174.40
3198.30
3196.10
3196.20
3186.60
3187.70
3194.80
3180.70
3106.30
3012.00
2783.60
2968.80
3058.00
3050.30
3043.50
3058.00
3042.70
3021.30
3026.20
2916.70
2868.10
2857.20
2885.30
2865.40
2365.90
2541.10
2888.30
2873.40
2703.80
2704.90
2608.90
2543.80
1978.80
1486.10
293.28
106.66
106.44
3145.90
3195.00
3196.30
3190.80
3197.20
3175.10
3197.40
3197.90
3187.80
3187.20
3191.50
3133.50
2994.50
3009.40
2646.90
3030.80
3080.50
3051.10
3074.50
2985.50
2994.50
3028.50
2831.90
2843.50
2850.00
2826.50
2714.60
2408.00
2827.00
2878.10
2896.10
2559.89
2671.30
2564.60
2642.70
2638.60
1429.70
105.73
105.89
2523.81
3195.80
3196.60
3169.50
3197.90
3196.00
3198.10
3190.10
3196.20
3197.20
3191.70
3137.30
3023.00
2917.10
2815.50
3062.40
3091.60
3038.40
3063.70
3003.00
2989.50
3017.40
2903.40
2855.30
2883.60
2835.70
2882.70
2289.70
2520.50
2887.80
2901.40
2752.70
2655.60
2607.00
2609.30
2141.30
1139.75
243.55
107.53
107.56
3138.60
3194.40
3195.60
3187.10
3195.60
3172.60
3197.20
3195.80
3197.80
3190.60
3172.30
3129.20
3014.00
2995.70
2739.80
3070.60
3088.20
3034.00
3046.10
2987.60
3012.70
3014.60
2825.10
2847.20
2901.70
2892.30
2772.70
2411.10
2781.30
2877.20
2832.00
2784.20
2656.80
2659.50
2563.30
2479.50
1240.73
106.22
107.91
1848.38
3193.90
3140.90
3163.30
3196.40
3195.40
3198.00
3185.00
3197.60
3196.70
3189.60
3114.60
3016.90
2765.30
2961.90
3045.50
3029.30
3035.90
3084.40
3060.70
2986.70
2993.90
2957.50
2828.50
2864.90
2854.60
2815.00
2401.60
2392.20
2881.10
2862.10
2686.10
2691.80
2590.30
2551.90
2093.30
1392.85
347.10
107.28
107.38
3142.00
3196.70
3196.10
3187.90
3198.90
3179.80
3196.70
3197.00
3196.20
3170.30
3193.80
3148.80
3023.10
2980.80
2638.10
3051.00
3073.50
3053.70
3063.50
2993.10
3011.50
3019.60
2834.10
2841.60
2896.20
2867.90
2621.20
2354.10
2857.90
2893.90
2847.80
2638.00
2684.60
2608.90
2663.60
2588.20
1414.20
106.89
106.91
401.97
3152.60
3114.30
3194.50
3197.80
3194.70
3167.10
3180.20
3196.40
3196.10
3184.30
3166.30
3000.60
2769.50
3010.70
2818.40
3003.70
3072.80
3075.50
3080.00
2931.00
2999.70
3005.40
2884.20
2867.40
2885.10
2858.40
2555.70
2297.90
2851.70
2859.60
2792.80
2612.60
2594.50
2669.70
2626.20
2247.10
1426.50
107.88
107.18
388.40
3152.40
3114.70
3196.90
3195.90
3196.10
3172.90
3171.50
3197.40
3198.60
3185.00
3170.00
3041.20
2829.60
2999.30
2932.10
3054.80
3076.80
3041.80
3030.20
2991.90
3009.30
2911.90
2857.40
2839.60
2854.30
2844.10
2506.80
2393.80
2882.60
2901.60
2752.70
2483.00
2616.20
2568.60
2412.80
2024.20
1293.19
106.58
106.71
1081.40
3195.60
3108.40
3172.90
3194.80
3197.40
3185.20
3187.30
3197.90
3194.90
3192.40
3132.10
3033.60
2720.70
2972.80
3015.20
3020.70
3038.70
3037.40
3058.80
2978.70
2999.40
2989.50
2785.10
2852.40
2871.90
2884.70
2469.40
2349.00
2848.50
2858.10
2853.90
2719.60
2616.30
2573.60
2580.00
2540.90
1313.10
107.88
107.88
1154.38
3196.70
3105.20
3168.00
3198.10
3198.40
3192.90
3189.60
3195.40
3197.20
3192.70
3120.30
3028.40
2700.00
2968.70
3041.10
3045.80
3021.70
3041.80
3022.50
2950.60
2981.20
2988.20
2835.60
2887.80
2837.90
2839.70
2518.60
2391.30
2797.90
2867.20
2769.80
2531.23
2627.80
2630.50
2606.60
2242.20
1370.40
107.87
107.87
1777.03
3194.40
3132.50
3170.50
3196.30
3197.70
3197.10
3186.60
3194.00
3198.70
3187.60
3112.10
3026.80
2773.30
2950.40
3063.50
3055.30
3068.50
3068.70
3019.40
3026.00
3008.80
2908.10
2874.70
2843.50
2843.70
2836.20
2370.30
2480.20
2870.50
2862.00
2673.00
2641.00
2599.20
2577.50
2170.20
1539.00
381.87
107.88
107.89
3148.00
3196.70
3197.40
3196.10
3196.80
3160.90
3196.60
3197.20
3197.60
3184.60
3193.90
3133.50
2986.20
3001.50
2631.20
3024.80
3060.80
3031.10
3049.70
2927.50
3020.20
3014.80
2813.80
2803.10
2853.10
2841.40
2812.10
2285.70
2724.70
2837.00
2840.20
2851.50
2711.70
2583.50
2521.90
2309.90
1136.92
302.75
107.89
106.89
3097.60
3196.70
3196.20
3186.90
3196.70
3194.40
3197.80
3196.90
3195.20
3184.30
3188.50
3129.40
3015.00
2970.60
2748.60
3036.90
3060.00
3063.30
3078.90
2969.60
3021.80
3009.40
2887.20
2882.70
2815.50
2854.90
2833.20
2300.00
2678.90
2868.10
2837.00
2894.40
2592.40
2610.00
2533.20
2095.00
1041.98
429.54
106.87
106.90
2533.58
3194.70
3197.60
3172.60
3196.90
3196.60
3197.70
3196.90
3198.10
3181.60
3181.10
3133.70
3005.50
2931.20
2758.10
3035.10
3046.70
3060.20
3053.90
3082.40
3025.00
3007.00
2833.40
2876.90
2892.40
2822.30
2824.30
2318.40
2309.80
2863.70
2901.40
2684.50
2534.50
2615.10
2693.40
2292.30
1511.51
1199.50
106.75
106.56
2215.47
3194.50
3186.70
3171.20
3195.70
3197.30
3196.30
3193.30
3198.00
3196.20
3190.70
3151.80
3025.20
2887.80
2856.10
3058.10
3025.20
3074.30
3034.90
3021.20
3011.70
2994.20
2901.80
2886.90
2837.20
2801.80
2850.40
2369.20
2322.80
2870.00
2824.00
2668.90
2617.00
2570.40
2620.70
2265.30
1420.05
1346.40
108.40
108.84
1895.79
3195.90
3146.70
3172.30
3197.30
3197.50
3198.30
3186.60
3197.10
3196.40
3179.50
3130.90
3028.50
2838.90
2889.20
3071.90
3088.60
3019.20
3067.50
3037.40
3025.30
2987.70
2858.30
2862.10
2891.80
2864.90
2844.20
2340.00
2557.00
2885.70
2866.40
2773.30
2669.60
2624.10
2659.80
2214.00
1484.34
107.89
106.60
107.14
3141.80
3196.90
3196.20
3195.80
3198.70
3172.10
3196.80
3197.40
3195.90
3172.80
3198.00
3098.40
2995.40
2947.50
2709.50
3036.80
3090.00
3044.50
3065.90
2917.20
2982.30
3017.20
2867.70
2858.60
2861.00
2828.00
2768.60
2405.20
2749.00
2870.00
2837.70
2794.80
2645.70
2640.60
2564.70
2495.20
1206.73
108.79
107.87
108.87
2.66
