0
2723.43
2940.00
1119.46
1840.14
1562.04
3168.10
2520.40
1462.68
1527.41
1534.78
3181.20
2350.40
1521.42
456.03
1245.10
3135.20
1889.79
1662.53
615.61
2264.25
3070.10
983.75
1862.51
1569.42
3166.40
2228.30
1874.54
471.81
1526.41
3126.30
1429.39
2613.30
1500.06
3165.40
2513.20
1333.88
1488.70
1608.30
3183.00
2217.90
1576.45
475.14
1516.88
3123.50
1657.72
2118.40
1134.43
2858.59
2997.30
454.13
2355.34
1692.87
3180.20
2388.30
1523.14
615.52
984.44
3157.50
2016.67
2258.43
1113.66
3012.40
2833.80
1273.84
1964.54
1695.29
3188.40
2389.60
1485.50
675.18
1187.10
3123.70
1937.19
1898.14
845.47
2459.29
3075.90
935.45
2218.32
1794.01
3166.30
2366.80
1150.24
1820.73
1575.60
3183.20
2373.50
1564.33
475.25
1368.33
3093.20
1821.95
2426.25
1124.79
2872.10
2849.40
1259.95
1468.05
1592.22
3163.20
2393.80
1515.57
865.33
1226.75
3120.70
1923.48
2340.65
1293.48
3126.90
2653.90
1476.92
1079.48
1772.94
3187.10
2384.00
1852.15
476.93
1629.95
3123.20
1451.73
2429.30
1348.28
3160.60
2506.80
1484.09
1544.42
1604.04
3179.60
2269.00
1831.04
476.93
1591.90
3145.50
1673.39
2062.56
1003.48
2263.75
3033.30
988.99
2209.22
1627.16
3187.90
2308.50
1505.92
639.83
1313.93
3127.70
1913.96
2197.40
1039.58
2889.95
2892.80
1162.24
1850.36
1486.99
3185.00
2218.30
1488.04
605.78
1459.06
3134.40
1635.11
2581.53
571.60
2194.09
3063.60
895.59
2532.21
1637.82
3153.30
2437.60
1503.71
673.77
1175.92
3144.20
2004.19
1635.45
644.90
2309.62
3004.20
1044.67
2057.30
1847.84
3184.30
2291.90
1524.17
669.57
1231.42
3156.00
1878.30
2203.98
1125.33
2783.35
2957.50
990.06
1928.26
1645.42
3184.80
2362.50
1897.57
478.43
1569.39
3122.00
1461.28
2226.63
765.84
2166.81
3074.80
922.56
2591.40
1563.73
3157.40
2372.90
1518.54
938.82
1107.41
3165.00
2088.50
2051.40
805.82
1993.78
3038.80
1117.84
2461.28
1683.95
0
0
0
0
0
0
0
0
0
0
0
0
0
0
0
0
0
0
0
0
0
0
0
0
0
0
0
0
0
0
.99
0
