0
567.96
135.02
450.44
486.72
453.71
438.64
496.66
526.31
560.66
564.55
539.60
578.54
556.15
517.47
481.84
422.33
382.71
440.09
450.91
429.66
421.13
445.29
467.53
491.37
562.75
583.73
607.01
570.42
559.02
583.63
549.76
503.34
466.50
383.00
490.62
484.83
521.90
462.56
481.99
534.03
635.67
598.06
545.17
589.01
526.11
542.59
490.18
472.32
401.66
535.72
264.94
500.29
472.44
335.63
495.02
432.38
481.34
549.49
603.87
541.44
551.40
583.32
586.10
572.31
511.83
558.96
433.67
493.79
377.76
490.46
409.25
451.54
483.75
525.18
580.40
585.59
608.57
556.02
559.55
516.20
489.74
435.75
490.91
484.85
461.62
482.00
516.76
594.77
632.69
558.16
503.45
9.61
