0
896.43
284.23
253.21
685.10
.99
.99
82.40
217.21
356.50
264.71
7.94
.99
332.42
202.43
694.33
9.96
4.65
718.85
200.82
766.50
71.10
0
506.91
205.13
425.36
219.39
6.95
1.98
230.40
342.27
567.73
5.95
.99
326.66
201.19
710.30
.99
3.97
666.16
200.62
339.12
108.16
14.48
443.83
207.03
410.98
182.33
4.96
0
249.57
341.32
690.65
0
1.98
543.25
200.48
751.33
16.92
5.95
568.83
202.55
429.39
103.65
14.88
.98
218.59
362.30
412.60
19.87
.99
348.26
200.87
703.04
0
0
670.15
200.93
688.13
25.88
4.90
480.45
207.78
427.57
159.51
4.89
1.33
218.20
351.43
375.15
4.96
.99
312.59
209.11
646.59
0
2.97
655.95
200.49
558.05
11.26
4.96
455.45
203.03
456.11
134.55
6.94
0
218.18
348.05
399.30
6.86
.99
332.77
205.57
691.89
0
5.62
634.55
201.15
416.18
49.64
9.27
183.20
212.01
389.99
163.89
4.93
.99
279.32
255.21
705.56
0
0
602.30
200.96
767.96
10.57
4.95
534.53
201.11
403.98
96.48
8.92
48.61
208.01
381.05
190.48
4.96
1.98
313.64
211.04
686.64
0
1.99
688.51
200.47
790.57
29.80
10.91
488.23
203.78
425.95
140.19
15.50
0
216.05
356.81
193.60
6.94
0
349.56
200.44
736.65
0
7.81
681.33
200.93
471.15
41.79
5.96
413.65
203.75
409.27
146.93
14.88
0
237.72
340.06
620.00
5.95
.99
407.08
200.78
722.33
5.32
7.94
599.12
200.46
366.60
74.44
20.79
236.32
210.12
396.66
164.79
4.96
0
312.44
238.87
683.15
0
3.99
692.31
200.18
471.65
30.81
4.96
479.81
201.83
432.29
170.79
4.96
0
234.58
343.65
564.06
3.91
.99
337.97
201.16
738.12
3.99
3.96
546.58
201.48
395.58
95.08
4.96
0
225.25
352.82
459.65
4.92
.99
326.75
200.50
575.59
5.31
9.70
601.49
200.18
415.18
113.83
7.93
140.00
212.99
383.72
199.84
9.92
1.98
301.31
241.94
671.55
0
3.31
648.90
200.72
785.95
15.22
4.91
490.51
201.82
417.79
104.40
8.82
.66
213.99
352.31
212.58
4.96
0
428.17
200.48
764.73
5.32
2.97
621.66
200.08
357.52
69.47
7.90
139.90
212.58
394.64
189.65
4.96
.99
310.85
207.43
658.67
0
3.63
674.89
200.47
409.68
39.48
8.28
417.12
207.06
401.94
154.96
7.94
.99
259.20
320.60
583.55
0
0
609.20
200.44
751.76
9.29
4.96
569.98
202.75
401.54
82.36
9.91
166.70
209.14
390.91
191.02
10.91
0
327.36
202.13
665.85
0
3.96
635.42
200.87
349.17
41.70
6.96
339.40
204.87
402.43
150.11
4.96
.99
262.04
340.58
668.45
.99
.98
470.37
200.96
704.50
6.64
.97
568.61
200.46
353.38
61.60
6.95
378.00
207.41
399.21
153.25
5.95
.99
278.42
246.12
679.57
0
2.65
669.96
200.93
690.02
41.37
5.96
416.41
210.79
400.18
150.81
11.91
.99
267.09
252.19
692.62
0
7.63
690.92
199.78
580.02
17.93
4.96
491.73
205.33
419.44
125.00
3.97
0
220.11
350.65
313.02
5.95
0
325.69
209.42
667.04
0
2.64
640.01
199.77
470.28
42.79
15.92
346.60
208.21
417.88
152.94
4.96
.99
229.73
337.70
628.09
0
.99
511.33
201.25
719.11
7.59
4.96
497.54
201.80
434.93
135.29
3.92
0
214.12
357.66
304.55
6.94
0
307.10
204.40
697.01
0
.98
643.95
200.47
735.86
42.02
0
435.11
202.15
438.83
162.05
11.90
0
218.77
355.37
343.87
14.88
0
340.55
201.04
701.77
0
3.97
604.41
200.75
412.44
16.23
7.61
113.10
210.42
379.58
186.87
11.91
.99
285.11
236.69
702.46
0
1.99
654.06
200.48
717.86
31.84
8.93
461.58
208.06
393.03
172.72
4.96
1.98
253.94
330.62
660.24
0
0
601.45
200.47
764.71
8.27
9.92
36.70
