0
505.32
393.77
366.19
353.41
361.76
326.20
296.88
384.77
178.68
394.84
400.00
196.51
410.05
392.34
341.50
266.65
404.14
439.10
132.46
474.61
497.48
45.85
446.10
512.26
30.53
395.64
457.89
100.41
470.70
543.22
29.33
451.63
505.23
7.95
471.66
502.37
207.43
386.18
400.39
352.70
248.17
396.68
441.28
90.10
507.66
494.33
33.49
448.50
498.90
221.53
379.88
391.42
198.19
368.27
371.82
343.35
226.48
392.48
443.39
59.91
445.60
526.10
31.43
399.62
401.38
273.79
314.59
363.66
393.95
165.46
456.22
507.92
14.58
452.75
542.21
6.96
429.95
545.98
18.16
394.55
430.69
214.84
360.98
359.44
169.27
394.94
456.64
245.86
375.41
502.76
248.48
365.68
371.64
361.19
201.61
396.40
465.77
40.41
423.97
516.63
166.75
372.81
377.78
301.77
325.30
404.79
376.91
196.22
495.87
502.13
10.28
459.61
536.09
18.50
417.67
410.87
294.91
302.84
388.57
359.38
189.92
512.58
492.54
66.54
461.51
493.98
24.22
448.03
505.54
7.90
445.36
398.70
188.94
392.28
381.43
289.91
321.55
397.51
428.68
135.86
463.82
35.99
