0
1190.27
3157.60
3188.40
3172.40
3193.70
3190.40
3003.00
2949.50
2969.60
3070.90
3082.10
3037.30
2871.10
2884.30
2412.60
2858.10
2747.50
2607.50
2374.80
756.41
106.89
2927.70
3186.80
3189.90
3195.90
3198.30
3173.00
3081.20
2928.60
3052.50
3084.00
3013.90
2964.70
2879.80
2778.50
2420.70
2813.30
2582.10
2715.70
1604.48
107.88
365.33
3148.30
3161.80
3182.70
3193.70
3186.80
3113.70
2897.60
3051.20
3087.80
3025.70
3055.30
2930.10
2856.00
2446.50
2859.00
2638.80
2659.80
2249.30
431.55
105.35
3000.70
3189.80
3193.00
3192.60
3197.20
3168.90
3041.10
2903.20
3037.00
3057.40
2998.00
2979.10
2837.90
2850.30
2346.30
2836.90
2648.50
2641.80
1939.63
107.78
101.95
3165.20
3173.80
3190.80
3180.90
3196.50
3153.70
2953.90
2883.40
3062.70
3062.90
3044.70
2873.40
2867.60
2670.70
2857.50
2714.80
2628.60
2335.10
965.71
107.63
2327.46
3154.80
3190.50
3183.20
3196.00
3178.50
3087.70
2999.00
3083.10
3081.40
2990.50
3033.20
2869.50
2888.90
2325.20
2869.80
2724.30
2621.90
2160.90
348.91
105.55
2976.60
3189.70
3192.10
3194.60
3197.00
3186.40
3060.90
2896.10
3056.50
3082.60
3021.40
2965.20
2841.80
2833.60
2481.20
2924.70
2604.30
2671.20
1522.60
108.36
101.93
3164.20
3181.60
3192.00
3185.80
3195.50
3143.00
3002.50
2948.30
3069.80
3065.70
3042.90
2854.50
2815.10
2577.20
2786.40
2785.90
2681.50
2509.40
1161.17
106.02
2911.70
3187.00
3192.70
3189.60
3197.40
3177.40
3064.10
2935.40
3084.30
3087.10
2993.90
2958.20
2858.00
2874.00
2453.40
2876.20
2605.60
2675.80
2097.00
107.87
100.94
3180.70
3169.70
3189.90
3190.40
3196.10
3136.60
2906.50
2844.00
3109.80
3082.00
3012.20
2889.70
2886.10
2622.30
2829.40
2751.60
2622.60
2313.40
911.88
103.91
3076.00
3196.80
3191.80
3189.40
3192.60
3184.60
3027.50
2860.70
3109.90
3066.40
3015.80
2930.10
2890.20
2844.40
2642.90
2848.00
2559.70
2583.90
1591.28
107.55
89.70
3196.90
3188.00
3191.50
3186.70
3197.00
3142.80
3040.20
3032.60
3089.50
3039.20
3049.80
2869.20
2859.70
2451.10
2864.80
2809.90
2565.60
2159.90
852.06
106.88
1920.37
3145.20
3194.10
3184.10
3197.00
3173.80
3066.30
3006.10
3083.10
3064.50
2999.20
2993.90
2839.20
2867.70
2360.20
2822.00
2633.80
2650.10
2060.00
107.90
103.84
3162.00
3189.00
3187.10
3183.70
3196.80
3178.30
3040.00
2790.20
3076.50
3127.60
3036.00
2924.90
2825.30
2816.80
2619.90
2828.90
2627.40
2571.80
1498.90
107.89
200.49
3142.50
3182.70
3173.50
3185.40
3186.20
3105.70
2876.70
2944.30
3068.30
3094.20
2993.30
2886.50
2857.20
2348.30
2887.70
2817.50
2658.40
2352.20
765.30
105.89
2345.59
3160.90
3193.40
3179.00
3196.10
3179.30
3088.90
2966.70
3060.50
3062.10
2981.60
2994.90
2875.40
2866.00
2382.10
2877.70
2696.90
2612.70
2296.70
713.50
106.88
2623.65
3164.60
3191.20
3187.20
3197.20
3177.70
3077.50
2980.10
3057.80
3077.00
2980.40
2998.70
2853.90
2893.70
2379.30
2843.10
2559.70
2584.90
2126.80
108.37
101.51
3179.40
3182.10
3192.20
3185.20
3197.70
3137.60
2886.20
2856.20
3111.00
3052.10
3029.30
2900.10
2870.20
2542.00
2739.40
2827.00
2653.60
2606.10
1171.11
107.54
734.56
3146.80
3191.00
3170.20
3197.90
3189.60
3114.90
2892.90
3088.10
3088.50
2979.30
3005.20
2875.30
2849.70
2431.30
2838.20
2644.80
2614.40
2261.00
696.40
102.83
3165.00
3182.10
3191.00
3180.40
3197.60
3166.00
2994.90
2800.80
3065.70
3094.00
3005.80
2888.90
2866.50
2740.20
2658.40
2821.00
2581.10
2600.90
1552.70
107.88
762.58
3145.40
3192.30
3173.20
3195.20
3182.40
3093.00
2869.50
3057.10
3056.60
3005.20
3033.40
2810.30
2855.40
2512.90
2819.40
2722.10
2697.60
2615.30
698.59
106.55
2427.96
3164.00
3194.40
3179.70
3193.50
3186.20
3076.00
2973.70
3047.80
3120.30
2982.30
2958.60
2907.30
2855.40
2492.90
2862.30
2586.60
2630.80
1819.00
107.90
112.19
3161.40
3183.30
3174.10
3184.60
3190.10
3140.90
2870.00
2909.60
3076.20
3027.90
2987.90
2851.70
2896.20
2491.00
2869.30
2818.00
2669.40
2480.20
570.36
106.06
2852.20
3182.60
3194.70
3195.50
3192.40
3183.60
3046.90
2889.40
3072.70
3080.80
2975.90
2969.40
2862.80
2870.70
2489.10
2876.60
2561.60
2638.80
1731.53
107.88
102.84
3172.20
3178.30
3194.30
3190.10
3195.10
3144.70
2883.70
2868.90
3090.90
3047.30
3019.40
2910.10
2886.10
2684.00
2780.70
2842.60
2662.20
2541.80
1147.38
106.91
1033.20
3148.30
3189.80
3178.40
3193.00
3182.90
3071.40
2910.30
3051.10
3085.50
3007.00
3003.20
2844.50
2884.60
2396.30
2881.30
2689.90
2641.60
2086.20
134.01
103.59
3172.70
3176.90
3192.40
3175.20
3197.00
3163.50
3050.10
2902.10
3099.50
3096.10
3025.50
2890.50
2861.90
2849.50
2538.50
2887.90
2637.30
2619.60
1489.84
107.62
100.94
3183.10
3175.80
3189.90
3192.70
3195.40
3148.20
2851.10
2836.30
3091.00
3060.30
3021.10
2840.20
2855.50
2697.10
2728.10
2828.50
2678.30
2562.10
1306.41
107.86
1096.03
3149.40
3191.30
3177.40
3195.00
3186.90
3082.60
2901.90
3052.10
3092.20
3001.00
3017.70
2839.10
2857.80
2388.20
2869.10
2644.50
2621.50
2322.50
626.34
108.93
2606.85
3153.20
3191.20
3195.70
3197.10
3172.30
3060.20
2959.80
3069.20
3096.90
2983.90
2981.00
2880.40
2849.20
2369.10
2884.20
2715.80
2562.70
2107.60
106.90
288.60
3147.60
3176.10
3168.70
3188.70
3192.00
3099.10
2861.40
2997.40
3074.70
3046.80
2975.20
2869.50
2845.00
2517.50
2883.40
2722.50
2707.60
2466.90
929.84
107.56
1511.98
3149.50
3192.80
3176.50
3190.10
3188.80
3092.80
2968.90
3061.00
3057.80
3013.00
3033.10
2843.90
2838.20
2374.70
2869.30
2645.70
2614.10
2141.30
106.85
101.55
3179.30
3183.40
3187.80
3190.60
3197.20
3156.80
2878.40
2811.00
3075.00
3089.30
3012.00
2838.00
2837.00
2794.60
2681.60
2892.70
2741.50
2512.60
1334.60
107.89
1137.57
3146.80
3195.50
3178.70
3195.80
3178.80
3106.00
2909.20
3101.70
3063.20
3053.70
3011.10
2859.80
2857.40
2413.40
2873.80
2587.80
2615.70
2291.90
291.68
101.93
3176.60
3178.20
3190.20
3188.80
3196.30
3123.40
2917.70
2853.30
3050.00
3053.80
2997.50
2932.30
2868.00
2814.70
2628.90
2855.60
2631.40
2629.70
1257.75
106.89
92.96
3195.30
3186.10
3180.50
3185.80
3181.00
3134.70
2865.40
2938.00
3093.70
3091.00
3001.10
2860.30
2885.10
2486.50
2904.20
2735.50
2675.50
2372.20
1176.92
107.54
1961.00
3146.30
3196.20
3183.10
3195.00
3187.70
3062.50
2980.00
3070.70
3089.70
2976.80
2988.30
2894.20
2910.60
2430.20
2879.80
2560.60
2631.00
2146.80
107.53
101.19
3171.70
3184.50
3193.70
3191.40
3197.40
3154.80
2930.80
2833.50
3044.00
3065.20
3002.80
2859.70
2833.00
2694.90
2799.20
2786.80
2661.60
2501.90
1076.33
104.93
2837.70
3182.40
3195.10
3195.60
3187.70
3187.50
3016.40
2938.70
3062.60
3073.20
2999.10
2904.60
2896.20
2898.80
2514.30
2894.80
2609.40
2614.60
1633.77
107.37
537.88
3145.20
3185.50
3180.10
3196.80
3189.70
3111.70
2843.00
3051.40
3087.30
3020.50
2997.70
2886.00
2851.80
2406.60
2880.80
2694.30
2647.90
2406.70
228.99
103.91
3111.70
3186.90
3192.70
3188.10
3198.20
3180.00
3011.30
2819.90
3058.20
3086.20
2992.90
2940.50
2867.10
2846.80
2591.30
2870.90
2593.10
2657.50
1749.00
106.88
1362.08
3149.50
3191.50
3185.50
3196.80
3191.50
3093.60
3027.10
3069.40
3085.30
2985.70
2959.80
2872.20
2847.60
2445.00
2879.70
2604.50
2637.30
1943.80
107.87
101.04
3182.50
3183.40
3191.80
3184.40
3196.20
3120.10
2968.70
2959.30
3097.40
3069.40
3019.00
2873.60
2831.40
2611.30
2879.90
2779.50
2663.80
2341.40
1092.13
107.77
1538.85
3149.00
3196.30
3182.30
3190.60
3172.60
3094.80
3010.50
3094.60
3106.80
3005.20
3004.40
2849.00
2855.00
2401.50
2873.30
2738.50
2682.50
2442.80
505.74
106.87
2379.80
3157.60
3193.10
3181.80
3195.50
3176.10
3066.40
2969.70
3071.20
3071.40
3016.20
2968.50
2827.70
2876.30
2379.90
2862.70
2603.20
2605.60
2307.20
273.78
103.90
3140.30
3183.90
3191.60
3190.20
3196.60
3187.20
3026.80
2814.60
3079.70
3077.60
3016.20
2917.10
2879.40
2890.20
2413.80
2826.90
2697.00
2580.80
2119.60
107.71
96.30
3193.00
3179.60
3189.90
3179.20
3193.80
3140.90
2872.50
2868.50
3045.40
3047.30
3011.70
2849.00
2814.20
2504.30
2865.30
2765.40
2638.40
2412.80
944.50
106.82
1893.66
3148.40
3193.30
3176.50
3185.80
3175.70
3091.90
2987.10
3070.40
3036.50
2994.20
2974.00
2871.10
2872.10
2334.80
2869.40
2680.30
2581.60
2130.80
106.88
102.04
3183.60
3173.00
3190.70
3187.80
3186.30
3142.30
2912.70
2836.30
3038.20
3044.10
3018.50
2855.90
2844.90
2570.10
2684.10
2819.20
2627.50
2591.20
1175.62
107.78
474.92
3145.70
3180.90
3176.60
3194.40
3178.10
3119.80
2861.30
3016.80
3065.70
2992.70
3033.60
2855.00
2867.90
2460.10
2881.10
2755.10
2638.00
2259.90
760.23
106.56
2241.82
3154.50
3191.90
3181.20
3197.40
3182.60
3051.10
2998.50
3070.80
3033.60
2975.50
2999.90
2870.00
2854.80
2333.40
2877.20
2635.70
2694.50
2313.00
202.33
104.26
3146.40
3192.20
3191.40
3177.80
3196.40
3181.90
3024.20
2831.60
3091.70
3026.70
2980.50
2872.30
2867.10
2813.40
2417.80
2870.10
2581.30
2585.60
2032.10
107.58
101.61
3175.80
3187.90
3192.40
3182.40
3196.90
3160.40
3000.30
2953.40
3075.70
3068.50
3032.30
2887.10
2842.80
2610.70
2851.30
2772.40
2598.60
2293.60
1178.05
107.51
1273.35
3153.20
3193.40
3175.80
3197.60
3184.40
3099.70
2929.20
3054.50
3023.00
3020.80
3010.40
2909.50
2826.40
2448.80
2820.60
2700.50
2712.90
2580.20
433.19
105.92
2827.50
3189.30
3192.40
3196.10
3189.90
3180.90
3026.70
2843.40
3069.60
3064.60
2960.80
2981.90
2811.10
2815.00
2530.90
2874.80
2604.70
2608.90
1621.17
106.89
1274.40
3150.90
3195.60
3183.30
3193.10
3185.50
3102.20
2930.60
3076.20
3085.10
3037.20
3018.40
2834.10
2851.70
2310.30
2834.10
2712.50
2564.70
2409.40
423.01
106.56
2890.60
3189.70
3195.20
3195.70
3195.10
3166.70
3029.10
2887.10
3081.60
3066.60
2986.70
2979.90
2897.40
2821.30
2340.10
2823.60
2662.70
2663.80
2192.60
221.74
105.31
3087.80
3196.10
3189.10
3184.30
3195.50
3175.90
3047.50
2806.00
3038.80
3040.20
3031.20
2922.00
2894.20
2829.20
2589.80
2917.20
2573.80
2608.30
1323.19
107.57
100.72
3184.00
3183.00
3191.40
3182.50
3194.70
3129.90
2833.00
2827.70
3058.70
3067.00
3007.90
2836.00
2876.20
2679.90
2655.60
2851.40
2687.00
2599.50
1412.40
107.54
235.00
3144.20
3180.00
3167.90
3188.30
3191.40
3115.40
2863.90
3044.10
3052.90
3038.60
2992.00
2887.70
2852.70
2604.20
2800.30
2822.20
2565.40
2434.30
1242.95
107.29
331.32
3145.10
3169.70
3180.00
3191.60
3189.30
3119.90
2854.70
2987.60
3067.20
3007.00
3014.80
2886.80
2827.80
2347.40
2905.60
2755.30
2633.00
2335.40
888.98
106.89
1680.23
3145.30
3192.40
3165.90
3197.60
3185.10
3098.50
2967.60
3053.30
3030.20
2996.50
3029.90
2885.10
2741.10
2396.30
2847.30
2698.40
2667.40
2394.10
474.93
106.23
2705.70
3163.80
3187.90
3194.60
3196.40
3181.40
3043.50
2897.80
3063.20
3077.00
2995.20
2981.40
2856.50
2864.60
2382.60
2889.70
2589.90
2584.50
1925.80
107.83
95.01
3194.60
3181.80
3181.60
3189.70
3184.50
3126.00
2886.60
2904.30
3062.40
3068.30
2995.90
2888.10
2860.70
2590.60
2769.20
2827.20
2549.20
2531.20
1167.11
106.88
2036.04
3143.60
3196.40
3185.10
3197.00
3182.90
3083.40
2966.90
3068.30
3106.00
2995.80
2972.70
2881.40
2854.90
2445.70
2868.50
2656.30
2624.00
2080.50
107.89
100.88
3182.40
3173.60
3189.70
3185.70
3197.20
3125.00
2867.90
2843.30
3045.50
3062.90
3014.80
2845.80
2862.40
2597.50
2811.80
2824.10
2651.40
2438.90
1243.75
108.87
1308.84
3147.50
3196.50
3175.70
3196.30
3173.30
3089.50
2931.90
3049.10
3019.00
3010.30
3011.50
2869.10
2843.10
2411.10
2881.00
2673.10
2711.40
2484.00
766.59
107.87
2718.20
3164.70
3191.40
3193.00
3197.10
3189.40
3030.80
2864.80
3095.20
3052.10
2961.60
2973.20
2853.60
2854.80
2326.90
2855.20
2718.20
2640.70
1990.15
106.91
223.70
3152.50
3180.80
3183.80
3186.00
3192.70
3145.00
2875.70
2920.40
3080.20
3059.90
3030.10
2863.60
2915.90
2487.80
2905.90
2820.00
2690.20
2229.20
788.39
105.88
1675.13
3148.30
3193.80
3177.90
3197.20
3162.70
3091.90
2985.90
3047.30
3051.30
3026.20
2980.20
2881.60
2897.30
2411.40
2910.40
2625.40
2644.90
2152.00
107.03
101.81
3115.80
3182.70
3192.30
3183.60
3184.20
3173.60
2980.20
2816.40
3031.40
3060.40
3007.20
2803.90
2856.30
2833.30
2464.30
2838.30
2539.70
2614.90
1814.60
106.82
258.94
3151.70
3179.20
3173.00
3192.60
3189.10
3107.70
2887.90
3037.50
3060.90
3004.60
2996.40
2827.30
2893.70
2364.40
2860.10
2858.90
2704.50
2415.30
914.20
106.89
1924.85
3155.20
3192.70
3180.40
3197.10
3181.30
3101.80
2951.10
3057.60
3082.10
2979.80
3010.40
2887.80
2863.20
2405.00
2848.40
2694.90
2646.70
2088.40
106.84
95.99
3195.40
3168.70
3188.80
3187.60
3197.50
3144.50
2866.70
2874.30
3038.10
3043.50
3004.30
2830.20
2854.40
2713.80
2668.80
2830.20
2613.60
2579.60
1555.80
106.88
1699.26
3144.50
3196.60
3181.30
3197.10
3174.30
3090.10
2971.20
3058.00
3032.70
3041.70
3042.10
2842.30
2836.60
2363.00
2855.60
2817.30
2693.30
2407.90
575.13
107.56
2274.11
3152.70
3191.50
3183.80
3195.90
3177.80
3053.50
2965.90
3068.20
3099.30
2978.40
3030.70
2885.40
2912.40
2385.10
2822.80
2619.30
2586.00
2178.80
129.46
102.61
3167.10
3189.10
3191.70
3182.80
3197.80
3157.10
2982.40
2823.00
3062.40
3087.70
2978.60
2854.40
2875.10
2737.30
2611.50
2859.60
2615.10
2598.10
1489.90
106.87
378.55
3151.20
3185.70
3176.60
3170.40
3188.20
3128.40
2900.00
2992.10
3022.60
3009.00
2994.50
2834.40
2898.50
2462.00
2874.70
2734.90
2699.70
2454.70
821.51
106.89
2278.03
3149.90
3194.90
3183.40
3195.60
3190.30
3077.00
2983.40
3060.10
3058.00
2965.70
2962.10
2899.10
2820.00
2367.50
2856.80
2674.40
2599.30
2239.40
223.94
104.53
3154.40
3186.80
3191.20
3184.70
3194.70
3181.60
3010.10
2809.50
3071.20
3073.50
2954.60
2868.20
2891.80
2831.60
2542.90
2864.50
2603.00
2654.60
1471.28
106.89
126.95
3160.20
3177.40
3178.60
3186.60
3182.40
3147.10
2865.20
2871.90
3059.90
3064.10
3006.80
2892.90
2866.20
2490.10
2829.80
2796.90
2646.40
2332.40
864.44
107.88
2127.53
3142.20
3192.80
3182.70
3195.60
3173.20
3074.20
2962.70
3052.00
3114.80
2966.30
2900.70
2889.00
2856.10
2401.90
2871.70
2677.00
2582.10
1993.20
107.88
100.68
3173.70
3183.10
3191.30
3186.80
3196.60
3149.30
2956.90
2945.00
3078.50
3086.00
3010.50
2858.10
2882.40
2644.80
2788.90
2834.30
2674.00
2561.90
1134.83
107.87
361.88
3153.00
3185.40
3165.70
3192.40
3189.80
3092.20
2855.80
2972.70
3061.60
3061.10
3018.90
2871.30
2869.40
2613.80
2805.80
2755.60
2648.50
2468.80
1266.51
108.54
1951.93
3145.60
3193.30
3175.80
3196.80
3183.40
3076.10
2980.60
3079.90
3057.10
2980.60
2943.20
2838.70
2810.80
2418.10
2895.30
2691.30
2623.00
2260.30
201.86
103.57
3168.30
3181.20
3190.90
3179.50
3196.50
3182.60
3011.90
2831.00
3059.10
3075.70
3016.60
2916.80
2888.80
2821.30
2639.00
2888.50
2686.60
2598.40
1402.70
106.80
284.41
3138.70
3169.90
3176.50
3190.40
3191.50
3089.50
2898.70
3071.20
3071.90
2981.90
3015.00
2858.40
2860.40
2338.10
2862.20
2753.80
2591.90
2358.30
855.08
106.89
2812.30
3182.60
3191.70
3195.00
3197.60
3181.30
3032.10
2889.60
3070.90
3029.10
2952.10
2981.80
2834.40
2870.20
2324.60
2869.70
2608.60
2642.00
2146.00
107.88
101.86
3166.40
3181.90
3190.00
3182.20
3196.70
3155.50
2942.30
2835.50
3082.20
3072.80
3021.90
2885.80
2846.60
2684.60
2655.90
2869.90
2656.60
2629.50
1447.60
106.88
415.57
3151.00
3185.10
3177.40
3190.80
3183.80
3096.90
2850.80
3016.90
3061.60
3028.60
2968.90
2839.30
2875.20
2423.70
2889.90
2681.00
2582.00
2378.80
417.62
104.59
3033.40
3196.00
3192.70
3186.10
3197.30
3186.70
3059.10
2935.90
3070.00
3066.50
3007.10
2900.10
2857.10
2753.20
2591.00
2849.50
2667.60
2625.70
1544.80
108.53
384.28
3150.80
3187.50
3169.00
3190.20
3181.50
3121.80
2842.10
2984.80
3062.10
3005.90
3026.10
2826.20
2861.10
2431.50
2857.30
2785.90
2629.20
2311.30
711.37
103.94
3162.60
3181.00
3193.80
3182.60
3194.80
3176.20
2969.80
2802.70
3064.70
3061.40
2996.80
2866.70
2863.70
2778.80
2476.20
2876.10
2528.20
2646.80
1817.80
106.89
912.10
3147.70
3195.30
3182.90
3196.40
3181.70
3100.10
2914.90
3021.20
3046.30
2984.80
3001.20
2890.00
2914.50
2444.30
2892.40
2844.90
2697.30
2496.00
602.80
107.88
2590.29
3165.20
3190.70
3192.60
3198.10
3165.50
3032.10
2896.00
3095.10
3061.20
2975.90
2924.60
2854.50
2870.50
2439.00
2817.70
2728.60
2685.30
2058.43
106.89
103.80
3053.50
3177.70
3197.50
3183.70
3198.10
3168.00
2980.50
2851.90
3059.80
3072.80
3020.70
2894.70
2856.40
2737.40
2688.20
2855.40
2694.50
2589.90
1345.70
106.89
43.69
