1.80
2.77
3.00
2.70
2.60
2.44
2.95
2.99
2.70
2.60
2.39
2.92
2.87
2.69
2.60
2.31
2.96
2.79
2.65
2.58
2.56
3.03
2.70
2.60
2.41
2.92
2.83
2.68
2.60
2.40
3.00
2.74
2.60
2.51
2.86
2.97
2.70
2.60
2.39
2.86
2.84
2.69
2.60
2.36
3.04
2.75
2.70
2.55
2.92
3.01
2.70
2.60
2.48
2.92
2.93
2.70
2.60
2.24
2.94
2.79
2.69
2.55
2.89
3.02
2.70
2.60
2.44
2.91
2.88
2.70
2.60
2.29
2.93
2.79
2.63
2.55
2.65
3.02
2.70
2.60
2.49
2.83
2.91
2.69
2.60
2.39
2.90
2.87
2.68
2.60
2.38
2.98
2.77
2.60
2.53
2.89
2.99
2.70
2.60
2.50
2.87
2.92
2.70
2.60
2.30
2.93
2.72
2.60
2.52
3.00
3.00
2.70
2.60
2.46
2.92
2.89
2.66
2.60
2.45
2.99
2.74
2.60
2.52
2.86
2.95
2.69
2.60
2.41
2.92
2.86
2.69
2.60
2.54
2.99
2.75
2.63
2.54
2.64
3.01
2.70
2.67
2.48
2.93
2.90
2.70
2.60
2.34
2.93
2.79
2.64
2.54
2.90
3.01
2.69
2.60
2.46
2.91
2.87
2.70
2.60
2.46
3.00
2.77
2.70
2.58
2.70
2.99
2.70
2.60
2.52
2.99
2.96
2.70
2.60
2.27
2.94
2.80
2.64
2.58
2.62
3.03
2.71
2.60
2.47
2.91
2.93
2.70
2.60
2.32
2.93
2.79
2.61
2.55
2.80
3.02
2.70
2.60
2.44
2.90
2.90
2.68
2.60
2.40
2.99
2.74
2.61
2.58
2.70
3.04
2.70
2.60
2.52
2.89
2.94
2.69
2.60
2.26
2.92
2.83
2.64
2.57
2.45
2.99
2.72
2.60
2.51
1.80
1.80
1.80
1.80
1.80
1.80
1.80
1.80
1.80
1.80
1.80
1.80
1.80
1.80
1.80
1.80
1.80
1.80
1.80
1.80
1.80
1.80
1.80
1.80
1.80
1.80
1.80
1.80
1.80
1.80
1.80
1.80
