3.70
3.77
4.28
4.30
4.36
5.77
4.34
4.20
4.27
4.30
4.26
5.67
4.30
4.20
4.20
4.20
4.46
4.36
4.20
4.18
4.20
4.12
5.55
4.35
4.30
4.40
4.30
4.64
4.60
4.50
4.56
4.58
4.46
5.65
4.38
4.30
4.40
4.30
5.11
4.63
3.90
3.97
3.98
4.10
5.76
4.30
4.30
4.30
4.30
4.62
4.00
4.00
4.08
4.06
4.10
5.39
4.30
4.30
4.40
4.32
4.71
4.40
4.30
4.42
4.35
4.68
5.07
4.24
4.00
4.10
4.02
4.93
4.50
4.50
4.54
4.50
4.20
5.45
4.50
4.30
4.40
4.34
5.24
4.50
4.14
4.22
4.15
4.32
5.64
4.50
4.40
4.50
4.42
5.43
4.60
4.50
4.44
4.40
4.51
5.37
4.40
4.40
4.50
4.40
5.01
4.60
4.40
4.48
4.47
4.55
5.42
4.50
4.50
4.50
4.48
4.93
4.40
4.40
4.51
4.44
4.58
5.26
4.40
4.40
4.50
4.46
5.73
4.50
4.40
4.53
4.42
4.55
4.95
4.50
4.40
4.50
4.43
5.34
4.50
4.42
4.54
4.42
4.67
4.44
4.40
4.44
4.50
4.47
5.69
4.50
4.40
4.50
4.01
4.38
4.28
4.00
4.06
4.10
4.08
5.61
4.20
4.10
4.20
4.20
4.63
4.40
4.36
4.34
4.30
4.37
5.43
4.30
4.30
4.40
4.30
4.54
4.14
4.05
4.06
4.09
4.13
5.68
4.70
4.60
4.70
4.70
4.81
4.20
4.04
4.08
4.07
4.16
5.27
4.12
4.00
4.10
4.00
4.75
4.50
4.43
4.51
4.46
4.54
5.17
4.20
3.92
4.00
3.92
5.11
4.40
4.40
4.50
4.45
4.64
5.20
4.32
4.20
4.30
4.22
5.04
4.30
4.30
4.34
4.30
4.35
5.32
4.31
4.30
4.30
4.25
4.91
4.20
4.00
4.13
4.04
4.25
4.98
4.10
4.00
4.10
4.00
5.05
4.50
4.39
4.43
4.33
4.66
5.12
4.40
4.42
4.50
4.44
5.34
4.50
4.40
4.49
4.42
4.43
4.88
4.40
4.44
4.50
4.43
5.70
4.40
4.40
4.40
4.40
4.69
4.18
4.10
4.15
4.20
4.14
5.65
4.40
4.40
4.50
4.42
4.73
4.44
4.10
4.02
4.10
4.08
5.53
4.40
4.30
4.40
4.40
4.84
4.66
4.20
4.29
4.30
4.39
5.62
4.29
4.10
4.20
4.10
4.97
4.20
4.20
4.28
4.27
4.36
5.40
4.60
4.60
4.60
4.60
4.92
4.40
4.33
4.42
4.40
4.47
5.06
4.40
4.30
4.40
4.35
5.30
4.80
4.50
4.62
4.53
4.36
4.93
4.60
4.30
4.40
4.34
5.27
4.30
4.30
4.40
4.35
4.38
5.28
4.30
4.20
4.30
4.30
5.05
4.20
4.20
4.28
4.26
4.27
5.41
4.50
4.50
4.50
4.45
4.90
4.50
4.50
4.60
4.55
4.47
5.66
4.60
4.60
4.70
4.62
5.17
4.10
4.06
4.03
4.00
4.27
5.52
4.80
4.50
4.60
4.52
5.16
5.00
5.00
4.86
4.80
4.58
5.26
4.30
4.14
4.20
4.12
4.90
4.80
4.78
4.64
4.60
4.57
5.21
4.10
4.10
4.10
4.12
5.25
4.30
4.22
4.32
4.24
4.41
4.97
4.50
4.50
4.60
4.53
5.44
4.70
4.20
4.33
4.23
4.42
4.97
4.50
4.45
4.50
4.46
5.67
4.40
4.40
4.50
4.40
4.54
4.50
4.50
4.58
4.58
4.44
5.35
4.04
4.00
4.00
4.00
5.12
4.70
4.20
4.24
4.20
4.26
5.35
4.47
4.10
4.20
4.12
5.00
4.50
4.38
4.42
4.36
4.29
5.19
4.50
4.40
4.50
4.44
5.26
4.40
4.04
4.10
4.05
4.26
5.22
4.24
4.20
4.30
4.22
5.01
4.50
4.38
4.41
4.35
4.57
4.89
4.30
4.30
4.30
4.28
4.88
4.50
4.41
4.52
4.44
4.64
4.86
4.20
4.20
4.20
4.17
5.04
4.30
4.21
4.29
4.26
4.39
5.33
4.40
4.20
4.30
4.20
4.99
4.10
4.10
4.19
4.12
4.31
5.07
4.40
4.32
4.40
4.36
5.20
4.46
4.06
4.00
4.00
4.32
4.64
4.40
4.44
4.40
4.37
5.43
4.30
4.30
4.25
