1.80
2.47
2.35
2.15
2.53
2.30
2.43
2.31
2.22
2.49
2.29
2.46
2.30
2.31
2.38
2.26
2.51
2.30
2.42
2.34
2.29
2.39
2.29
2.50
2.30
2.31
2.34
2.26
2.50
2.30
2.46
2.33
2.32
2.45
2.30
2.49
2.30
2.37
2.32
2.22
2.49
2.29
2.47
2.30
2.16
2.46
2.30
2.46
2.35
2.23
2.45
2.30
2.41
2.30
2.23
2.33
2.25
2.44
2.30
2.35
2.30
2.18
2.45
2.30
2.41
2.32
2.20
2.41
2.27
2.45
2.30
2.34
2.32
2.17
2.46
2.30
2.38
2.36
2.25
2.49
2.30
2.41
2.33
2.19
2.52
2.30
2.45
2.30
2.30
2.44
2.29
2.46
2.30
2.28
2.41
2.27
2.48
2.30
2.31
2.34
2.26
2.50
2.31
2.39
2.34
2.22
2.52
2.29
2.44
2.31
2.30
2.41
2.29
2.52
2.39
2.36
2.39
2.28
2.51
2.30
2.31
2.43
2.25
2.51
2.30
2.42
2.32
2.30
2.42
2.29
2.50
2.31
2.31
2.37
2.23
2.52
2.29
2.47
2.37
2.31
2.42
2.29
2.51
2.36
2.29
2.40
2.29
2.49
2.30
2.37
2.35
2.25
2.52
2.30
2.51
2.32
2.25
2.44
2.29
2.50
2.38
2.36
2.33
2.24
2.48
2.30
2.49
2.33
2.30
2.46
2.29
2.53
2.38
2.34
2.39
2.25
2.51
2.30
2.37
2.36
2.23
2.51
2.35
2.52
2.31
2.31
2.47
2.29
2.51
2.30
2.28
2.42
2.30
2.53
2.30
2.33
2.36
2.23
2.51
2.32
2.52
2.31
2.30
2.41
2.29
2.51
2.30
2.43
2.31
2.27
2.52
2.30
2.42
2.39
2.26
2.54
2.31
2.44
2.41
2.24
2.51
2.34
2.51
2.34
2.31
2.43
2.29
2.49
2.30
2.31
2.40
2.29
2.51
2.29
1.90
1.80
1.80
1.80
1.80
1.80
1.80
1.80
1.80
1.80
1.80
1.80
1.80
1.80
1.80
1.80
1.80
1.80
1.80
1.80
1.80
1.80
1.80
1.80
1.80
1.80
1.80
1.80
1.80
1.80
1.80
1.80
1.80
1.80
1.80
1.80
1.80
1.80
1.80
1.80
1.80
1.80
1.80
1.80
1.80
1.80
1.80
1.80
1.80
1.80
1.80
1.80
1.80
1.80
1.80
1.80
1.80
1.80
1.44
