1.70
2.40
12.34
14.71
15.90
17.38
17.50
16.92
17.49
18.20
18.20
18.40
17.80
17.37
16.50
16.00
15.68
14.50
14.50
14.50
14.50
13.98
13.90
13.90
13.90
13.90
13.90
12.95
10.72
10.70
9.50
9.50
9.50
8.71
8.80
8.80
8.72
5.56
5.54
5.50
4.51
6.10
16.10
15.22
15.76
17.50
17.50
17.40
18.16
18.20
18.20
17.55
17.64
16.50
15.51
14.40
14.50
14.50
14.50
14.50
14.50
13.90
13.90
13.75
13.90
13.90
13.90
13.90
10.70
9.52
9.50
9.50
8.43
8.70
8.70
8.70
6.30
5.62
5.50
5.50
4.11
14.82
14.57
15.47
17.50
17.50
17.39
17.94
18.20
18.04
17.69
17.56
16.82
15.59
14.40
14.50
14.50
14.50
14.50
14.50
13.90
13.90
13.75
13.90
13.90
13.90
10.70
10.70
9.82
9.50
9.50
9.31
8.70
8.70
8.70
8.85
5.60
5.52
5.50
5.50
8.44
17.22
15.61
16.52
17.40
17.03
17.30
18.10
18.10
17.43
17.40
17.52
16.10
14.40
14.34
14.50
14.50
14.50
14.50
14.06
13.90
13.90
13.90
13.90
13.90
12.94
10.70
10.70
9.50
9.50
9.50
8.70
8.70
8.70
8.70
5.50
5.62
5.50
5.50
5.10
15.53
14.95
15.56
17.40
17.40
17.30
18.05
18.10
18.10
17.36
17.60
16.26
15.84
14.40
14.50
14.50
14.50
14.50
14.46
13.90
13.90
13.73
13.90
13.90
13.90
13.58
10.70
9.58
9.50
9.50
8.46
8.70
8.70
8.70
7.17
5.70
5.50
5.50
3.82
12.80
14.36
15.60
17.45
17.50
17.15
17.56
18.20
18.20
17.60
17.39
16.74
16.07
15.20
14.46
14.50
14.50
14.50
14.50
13.90
13.90
13.80
13.90
13.90
13.90
13.90
13.90
10.14
9.50
9.50
9.29
8.71
8.70
8.71
8.72
5.58
5.54
5.50
5.50
4.49
15.02
14.69
15.65
17.40
17.40
17.30
17.92
18.10
18.10
17.65
17.51
16.50
15.89
14.40
14.50
14.50
14.50
14.50
14.50
13.90
13.90
13.74
13.90
13.90
13.90
13.90
13.90
11.54
9.50
9.50
8.89
8.70
8.70
8.70
8.40
5.66
5.50
5.50
3.47
13.30
14.05
15.52
17.39
17.40
17.19
17.55
18.10
18.10
17.92
17.38
17.30
16.08
14.40
14.46
14.50
14.50
14.50
14.50
13.90
13.90
13.80
13.90
13.90
13.90
13.90
13.90
13.90
9.50
9.50
9.48
8.70
8.70
8.70
8.70
5.54
5.58
5.50
5.50
7.59
16.84
15.53
16.30
17.40
17.14
17.30
18.10
18.10
17.83
17.41
17.63
16.50
16.00
15.04
14.50
14.50
14.50
14.50
14.42
13.90
13.90
13.66
13.90
13.90
13.90
13.90
13.90
12.78
9.50
9.50
8.85
8.70
8.70
8.70
8.77
5.70
5.50
5.50
5.17
10.62
16.32
15.87
17.11
17.40
16.92
17.30
18.10
18.10
18.31
17.40
17.40
16.26
15.36
14.41
14.50
14.50
14.50
14.50
13.92
13.90
13.90
13.90
13.90
13.90
13.90
13.90
13.90
12.70
11.42
9.50
8.61
8.70
8.70
8.70
5.53
5.58
5.50
5.50
4.18
14.91
14.64
15.54
17.50
17.50
17.38
17.91
18.10
18.10
17.71
17.52
16.50
16.04
14.40
14.50
14.50
14.50
14.50
14.50
13.90
13.90
13.72
13.90
13.90
13.90
13.90
13.90
13.30
12.70
10.38
9.13
8.70
8.70
8.70
9.15
5.62
5.50
5.50
5.50
7.81
16.94
15.53
16.38
17.40
17.22
17.30
18.10
18.10
18.22
17.51
17.58
16.34
16.00
14.37
14.50
14.50
14.50
14.50
14.22
13.90
13.90
13.82
13.90
13.90
13.90
13.90
13.90
12.65
12.70
12.70
8.65
8.70
8.70
8.70
8.18
5.64
5.50
5.50
3.90
12.28
14.65
15.80
17.32
17.40
17.03
17.43
18.10
18.10
18.40
17.39
17.06
16.07
16.00
14.41
14.50
14.50
14.50
14.50
13.88
13.90
13.90
13.90
13.90
13.90
13.90
13.90
13.90
12.70
12.70
10.78
8.46
8.70
8.70
8.70
5.50
5.57
5.50
5.50
4.55
15.23
14.79
15.52
17.40
17.40
17.30
17.99
18.10
17.46
17.42
17.53
16.34
15.99
15.98
14.50
14.50
14.50
14.50
14.41
13.90
13.90
13.72
13.90
13.90
13.90
13.90
13.90
12.73
12.70
12.70
8.78
8.70
8.70
8.70
9.04
5.61
5.50
5.50
5.50
8.99
16.89
15.69
16.75
17.40
17.05
17.30
18.10
18.10
17.48
17.40
17.40
16.10
16.00
14.56
14.50
14.50
14.50
14.50
14.20
13.90
13.90
13.87
13.90
13.90
13.90
13.90
13.90
12.70
12.70
12.70
8.65
8.70
8.70
8.70
8.07
5.59
5.50
5.50
5.50
6.54
16.23
15.30
15.95
17.40
17.40
17.30
18.08
18.10
17.44
17.53
17.61
16.18
16.00
15.54
14.50
14.50
14.50
14.50
14.16
13.90
13.90
13.90
13.90
13.90
13.90
13.90
13.90
12.70
12.70
12.70
10.06
8.70
8.70
8.70
7.42
5.70
5.50
5.50
5.17
10.66
16.28
15.79
17.10
17.40
16.99
17.31
18.10
18.10
17.53
17.40
17.33
16.10
16.00
14.43
14.50
14.50
14.50
14.50
13.90
13.90
13.90
13.90
13.90
13.90
13.90
13.90
13.90
12.70
12.70
12.70
8.38
8.70
8.70
8.70
7.25
5.57
5.50
5.50
7.69
16.80
15.47
16.28
17.40
17.10
17.30
18.10
18.10
17.44
17.39
17.53
16.26
16.00
15.48
14.50
14.50
14.50
14.50
14.22
13.90
13.90
13.79
13.90
13.90
13.90
13.90
13.90
12.61
12.70
12.70
11.85
8.70
8.70
8.70
8.02
5.70
5.50
5.50
3.83
12.90
14.44
15.60
17.37
17.40
17.16
17.57
18.10
17.94
17.61
17.38
16.86
16.07
14.72
14.46
14.50
14.50
14.50
14.50
13.90
13.90
13.96
13.90
13.90
13.90
13.90
13.90
13.90
12.70
12.70
12.70
11.74
8.70
8.70
8.70
6.14
5.64
5.50
5.50
5.30
15.60
14.95
15.62
17.40
17.40
17.30
17.98
18.10
17.30
17.69
17.58
16.26
15.86
14.40
14.50
14.50
14.50
14.50
14.32
13.90
13.90
13.72
13.90
13.90
13.90
13.90
13.90
12.58
12.70
12.70
11.89
8.70
8.70
8.70
8.27
5.70
5.50
5.50
3.97
12.31
14.72
15.61
17.30
17.40
16.95
17.41
18.10
17.94
17.60
17.38
16.58
16.09
15.52
14.47
14.50
14.50
14.50
14.50
13.90
13.90
13.93
13.90
13.90
13.90
13.90
13.90
13.90
12.70
12.70
12.70
11.82
8.70
8.70
8.70
5.82
5.64
5.50
5.50
3.84
14.11
14.07
15.52
17.40
17.40
17.28
17.77
18.10
18.10
17.44
17.49
16.38
16.03
15.36
14.50
14.50
14.50
14.50
14.50
13.90
13.90
13.75
13.90
13.90
13.90
13.90
13.90
13.58
12.70
12.70
12.70
11.90
8.70
8.70
8.70
5.56
5.54
5.50
4.56
11.61
15.58
15.90
17.21
17.40
16.98
17.34
18.10
18.10
17.59
17.40
16.90
16.10
15.36
14.44
14.50
14.50
14.50
14.50
13.98
13.90
13.90
13.90
13.90
13.90
13.90
13.90
13.90
12.70
12.70
12.70
11.58
8.70
8.70
8.70
8.05
5.70
5.50
5.50
3.96
12.33
14.73
15.70
17.33
17.40
17.00
17.45
18.10
18.10
17.40
17.36
17.14
16.08
16.00
14.46
14.50
14.50
14.50
14.50
13.88
13.90
13.90
13.90
13.90
13.90
13.90
13.90
13.90
12.70
12.70
12.70
11.66
8.70
8.70
8.70
5.84
5.60
5.50
5.50
4.16
14.91
14.66
15.53
17.50
17.50
17.38
17.90
18.10
17.40
17.61
17.57
16.50
16.03
14.88
14.50
14.50
14.50
14.50
14.50
13.90
13.90
13.75
13.90
13.90
13.90
13.90
13.90
13.74
12.70
12.70
12.70
10.94
8.70
8.70
8.70
5.58
5.54
5.50
5.50
9.78
16.52
15.82
16.92
17.40
17.07
17.30
18.10
18.02
17.53
17.48
17.39
16.10
16.00
14.44
14.50
14.50
14.50
14.50
14.10
13.90
13.90
13.90
13.90
13.90
13.90
13.90
13.90
12.70
12.70
12.70
11.66
11.58
8.70
8.70
8.16
5.66
5.50
5.50
3.50
12.85
14.44
15.52
17.37
17.40
17.16
17.50
18.10
17.70
17.55
17.39
16.98
16.05
15.84
14.47
14.50
14.50
14.50
14.50
13.90
13.90
13.74
13.90
13.90
13.90
13.90
13.90
13.74
12.70
12.70
12.70
11.90
9.63
8.70
8.70
5.50
5.65
5.50
5.50
6.75
16.35
15.30
15.97
17.40
17.40
17.30
18.09
18.10
18.00
17.45
17.60
16.10
16.00
14.56
14.50
14.50
14.50
14.50
14.31
13.90
13.90
13.74
13.90
13.90
13.90
13.90
13.90
12.66
12.70
12.70
11.94
11.90
8.70
8.70
8.77
5.52
5.56
5.50
4.56
11.89
14.98
15.80
17.27
17.40
17.01
17.38
18.10
18.10
17.60
17.40
16.82
16.10
16.00
14.45
14.50
14.50
14.50
14.50
13.90
13.90
13.92
13.90
13.90
13.90
13.90
13.90
13.90
12.70
12.70
12.70
11.90
11.90
8.70
8.70
5.54
5.56
5.50
5.50
5.24
15.62
15.01
15.66
17.40
17.40
17.30
18.07
18.10
17.55
17.51
17.60
16.22
16.00
14.40
14.50
14.50
14.50
14.50
14.50
13.90
13.90
13.75
13.90
13.90
13.90
13.90
13.90
13.02
12.70
12.70
12.19
11.90
9.66
8.70
9.01
5.66
5.50
5.50
4.55
11.66
14.93
15.80
17.22
17.40
17.06
17.35
18.10
18.10
17.60
17.40
17.31
16.10
16.00
14.45
14.50
14.50
14.50
14.50
13.88
13.90
13.90
13.90
13.90
13.90
13.90
13.90
13.90
12.70
12.70
12.70
11.76
11.90
8.70
8.70
5.82
5.58
5.50
5.50
3.78
14.34
14.26
15.56
17.40
17.40
17.29
17.81
18.10
17.78
17.48
17.50
16.42
16.05
14.88
14.50
14.50
14.50
14.50
14.50
13.90
13.90
13.75
13.90
13.90
13.90
13.90
13.90
13.42
12.70
12.70
12.84
11.90
10.62
8.70
8.56
5.62
5.52
5.50
5.50
7.72
16.77
15.46
16.19
17.40
17.25
17.30
18.10
18.10
17.37
17.35
17.61
16.10
16.00
14.42
14.50
14.50
14.50
14.50
14.28
13.90
13.90
13.74
13.90
13.90
13.90
13.90
13.90
12.58
12.70
12.70
11.77
11.90
8.70
8.70
8.36
5.70
5.50
5.50
4.64
15.29
14.83
15.58
17.40
17.40
17.30
17.96
18.10
17.54
17.51
17.61
16.30
16.00
14.40
14.50
14.50
14.50
14.50
14.50
13.90
13.90
13.69
13.90
13.90
13.90
13.90
13.90
13.25
12.70
12.70
12.68
11.90
8.70
8.70
8.58
5.60
5.51
5.50
5.50
7.28
16.51
15.39
16.10
17.40
17.21
17.30
18.09
18.10
17.38
17.39
17.57
16.10
16.00
14.39
14.50
14.50
14.50
14.50
14.24
13.90
13.90
13.82
13.90
13.90
13.90
13.90
13.90
12.58
12.70
12.70
12.14
11.90
10.30
8.70
9.14
5.66
5.50
5.50
3.75
14.13
14.09
15.55
17.50
17.50
17.35
17.77
18.20
17.72
17.57
17.53
16.50
16.05
14.72
14.50
14.50
14.50
14.50
14.50
13.90
13.90
13.77
13.90
13.90
13.90
13.90
13.90
13.74
12.70
12.70
12.67
11.90
9.35
8.74
8.70
5.56
5.54
5.50
5.50
7.22
16.70
15.48
16.20
17.50
17.30
17.40
18.17
18.20
17.44
17.36
17.61
16.10
16.00
14.57
14.53
14.53
14.52
14.55
14.22
13.90
13.90
13.85
13.90
13.91
13.91
13.90
13.90
12.66
12.70
12.70
11.60
11.94
8.80
8.80
8.19
5.70
5.50
5.50
4.55
11.47
15.50
15.90
17.30
17.50
17.11
17.41
18.20
18.20
17.56
17.40
16.98
16.10
16.00
14.72
14.55
14.55
14.57
14.56
13.98
13.90
13.90
13.95
13.94
13.97
13.93
13.93
13.90
12.70
12.70
12.70
11.64
11.98
8.70
8.70
7.78
5.70
5.50
5.50
4.88
11.21
16.01
15.89
17.23
17.50
16.95
17.39
18.10
18.10
17.55
17.40
16.99
16.10
16.00
14.40
14.50
14.50
14.50
14.50
13.87
13.90
13.90
13.90
13.90
13.90
13.90
13.90
13.90
12.70
12.70
12.70
11.82
10.94
8.70
8.70
6.71
5.68
5.50
5.50
3.56
12.94
14.52
15.68
17.46
17.50
17.15
17.56
18.10
18.10
17.60
17.40
17.30
16.09
14.40
14.42
14.50
14.50
14.50
14.50
13.86
13.90
13.90
13.90
13.90
13.90
13.90
13.90
13.90
12.70
12.70
12.70
11.50
8.70
8.70
8.70
8.30
5.70
5.50
5.50
3.63
13.14
13.88
15.52
17.47
17.50
17.23
17.64
18.20
18.12
17.52
17.39
16.82
16.08
15.68
14.46
14.50
14.50
14.50
14.50
13.86
13.90
13.90
13.90
13.90
13.90
13.90
13.90
13.90
12.70
12.70
12.70
11.42
9.66
8.70
8.70
7.73
5.70
5.50
5.50
3.67
13.92
13.83
15.58
17.50
17.50
17.33
17.76
18.20
18.20
17.43
17.46
16.66
16.04
14.40
14.50
14.50
14.50
14.50
14.50
13.90
13.90
13.75
13.90
13.90
13.90
13.90
13.90
13.66
12.70
12.70
12.64
11.90
11.58
8.70
8.70
5.58
5.54
5.50
5.50
8.14
17.14
15.61
16.44
17.50
17.22
17.30
18.10
18.10
17.37
17.39
17.59
16.10
15.68
14.41
14.50
14.50
14.50
14.50
14.32
13.90
13.90
13.74
13.90
13.90
13.90
13.90
13.90
12.94
12.70
12.70
12.49
11.90
8.70
8.70
8.72
5.60
5.52
5.50
5.50
6.51
16.24
15.31
15.99
17.50
17.50
17.40
18.08
18.10
17.66
17.33
17.38
16.18
16.00
14.40
14.50
14.50
14.50
14.50
14.42
13.90
13.90
13.74
13.90
13.90
13.90
13.90
13.90
12.82
12.70
12.70
12.31
11.90
9.66
8.70
8.64
5.58
5.54
5.50
5.50
4.58
15.28
14.80
15.55
17.50
17.50
17.39
18.07
18.20
17.35
17.56
17.63
16.30
16.01
14.40
14.50
14.50
14.50
14.50
14.50
13.90
13.90
13.67
13.90
13.90
13.90
13.90
13.90
13.90
12.70
12.70
12.70
11.90
9.98
8.70
8.70
5.50
5.66
5.50
5.50
3.87
14.60
14.50
15.60
17.40
17.40
17.30
17.95
18.10
17.86
17.53
17.59
16.70
16.02
15.68
14.50
14.50
14.50
14.50
14.50
13.90
13.90
13.73
13.90
13.90
13.90
13.90
13.90
13.90
12.70
12.70
12.70
11.90
9.66
8.70
8.70
5.50
5.70
5.50
5.50
3.82
14.13
14.12
15.53
17.50
17.50
17.36
17.86
18.20
17.72
17.31
17.55
16.50
16.02
14.40
14.50
14.50
14.50
14.50
14.50
13.90
13.90
13.70
13.90
13.90
13.90
13.90
13.90
13.25
12.70
12.70
12.81
11.90
10.94
8.70
8.59
5.64
5.50
5.50
5.50
8.36
17.19
15.59
16.48
17.40
17.03
17.30
18.10
18.10
17.38
17.40
17.48
16.10
15.04
14.31
14.50
14.50
14.50
14.50
14.18
13.90
13.90
13.74
13.90
13.90
13.90
13.90
13.90
12.75
12.70
12.70
12.12
11.90
9.34
8.70
9.11
5.59
5.50
5.50
5.50
