.10
2.01
8.95
9.36
9.70
10.07
10.14
9.91
9.16
8.26
8.30
8.30
8.00
8.00
7.84
6.40
5.80
5.73
5.40
5.41
3.84
3.80
5.03
8.73
9.80
9.70
10.10
9.78
9.46
8.24
8.30
8.30
7.99
7.97
8.00
8.00
6.18
5.80
5.32
5.40
3.99
3.80
2.16
9.05
9.30
9.63
10.06
9.93
9.83
9.05
8.28
8.30
8.28
8.00
8.00
8.00
8.00
5.80
5.60
5.40
5.44
3.82
3.46
5.34
8.79
9.80
9.70
10.10
9.83
9.32
8.89
8.30
8.30
8.02
7.98
8.00
8.00
8.00
5.80
5.42
5.40
4.66
3.80
2.61
8.17
9.03
9.80
9.89
10.10
9.75
9.12
8.30
8.37
8.37
8.00
8.00
8.06
8.02
7.40
5.77
5.50
5.46
3.85
3.80
3.86
8.32
9.79
9.67
10.10
9.88
9.47
8.46
8.40
8.40
8.08
8.04
8.10
8.10
8.00
7.40
5.48
5.50
4.82
3.81
3.63
5.11
8.76
9.80
9.70
10.10
9.76
9.30
8.72
8.35
8.35
8.02
7.98
8.00
8.00
7.86
7.40
5.35
5.42
4.26
3.80
2.78
7.49
8.95
9.80
9.81
10.10
9.80
9.28
8.46
8.40
8.40
8.00
8.05
8.10
8.05
7.53
7.46
5.50
5.48
3.88
3.64
5.09
8.76
9.80
9.70
10.10
9.88
9.49
8.30
8.39
8.40
8.02
7.97
8.10
8.10
7.88
7.40
5.48
5.50
4.67
3.80
2.78
8.13
8.93
9.80
9.87
10.06
9.88
9.24
8.32
8.40
8.39
8.00
8.00
8.10
8.05
7.47
7.42
5.98
5.46
3.85
3.48
5.80
8.86
9.80
9.72
10.10
9.75
9.40
8.30
8.40
8.40
8.00
8.03
8.10
8.10
7.68
7.40
6.94
5.50
4.00
3.80
2.34
8.84
9.10
9.80
9.89
9.86
9.86
9.24
8.35
8.40
8.39
8.00
8.10
8.10
8.00
7.50
7.36
5.50
5.37
3.85
3.80
3.35
8.75
9.77
9.58
10.10
9.87
9.75
8.46
8.40
8.40
8.17
8.05
8.10
8.10
8.10
7.50
7.13
5.50
4.72
3.80
3.16
6.76
8.88
9.80
9.83
10.10
9.89
9.32
8.28
8.40
8.40
8.00
8.00
8.10
8.08
7.71
7.50
6.62
5.50
3.86
3.80
2.20
8.84
9.23
9.73
10.12
10.22
9.93
9.14
8.38
8.40
8.40
8.00
8.10
8.10
8.00
7.50
7.40
5.98
5.43
3.84
3.80
3.97
8.36
9.80
9.69
10.10
9.97
9.69
9.02
8.40
8.40
8.12
8.03
8.10
8.10
8.00
7.50
7.17
5.82
5.13
3.84
3.80
4.27
8.53
9.80
9.69
10.10
9.88
9.36
8.78
8.40
8.40
8.09
7.96
8.10
8.10
7.92
7.46
7.09
5.50
4.71
3.80
2.78
7.86
8.98
9.80
9.86
10.10
9.83
9.26
8.31
8.40
8.40
8.07
8.06
8.10
8.08
7.58
7.49
7.10
5.50
3.87
3.80
2.38
8.69
9.55
9.67
10.19
10.17
9.93
8.94
8.40
8.40
8.30
8.09
8.10
8.10
8.07
7.50
7.23
7.10
5.53
3.84
3.16
6.46
8.89
9.80
9.77
10.10
9.75
9.28
8.53
8.40
8.40
8.00
8.01
8.10
8.07
7.62
7.40
7.10
5.50
3.86
3.80
2.32
8.96
9.53
9.62
10.10
9.95
9.84
9.09
8.40
8.39
8.33
8.00
8.10
8.10
8.01
7.41
7.40
6.62
5.49
3.84
3.80
4.00
8.36
9.80
9.67
10.10
9.83
9.65
8.46
8.40
8.40
8.08
7.97
8.10
8.10
7.84
7.48
7.00
5.50
4.25
3.80
2.18
8.89
9.14
9.71
9.99
10.11
9.94
9.14
8.39
8.40
8.40
8.02
8.10
8.10
8.05
7.47
7.48
6.14
5.52
3.83
3.64
4.98
8.73
9.80
9.70
10.10
10.07
9.60
8.27
8.38
8.37
8.02
8.01
8.07
8.07
7.86
7.40
6.99
5.50
4.22
3.80
2.61
7.99
8.99
9.80
9.86
10.10
9.80
9.09
8.36
8.40
8.40
8.05
8.07
8.10
8.05
7.48
7.47
7.10
5.48
3.88
3.80
2.48
8.99
9.62
9.61
10.10
9.99
9.91
8.69
8.38
8.38
8.22
8.00
8.09
8.09
8.00
7.40
7.10
6.78
4.69
3.80
3.12
6.97
8.92
9.80
9.78
10.10
9.87
9.36
8.29
8.40
8.40
8.10
8.04
8.10
8.10
7.82
7.50
7.05
5.50
4.02
3.80
2.68
8.31
9.04
9.80
9.91
10.10
9.86
9.23
8.32
8.40
8.40
8.10
8.08
8.10
8.10
7.58
7.50
7.10
5.50
3.89
3.80
2.60
8.71
9.66
9.63
10.10
10.14
9.94
8.94
8.40
8.40
8.29
8.09
8.10
8.10
8.10
7.50
7.29
6.62
5.55
3.84
3.80
4.37
8.55
9.80
9.69
10.10
9.94
9.60
8.62
8.40
8.40
8.08
7.97
8.10
8.10
8.00
7.50
7.08
5.50
4.52
3.80
2.22
8.93
9.28
9.72
10.05
9.83
9.94
9.11
8.35
8.40
8.40
8.07
8.10
8.10
8.08
7.50
7.52
7.10
5.49
3.86
3.80
2.87
8.76
9.72
9.66
10.10
9.89
9.76
8.86
8.40
8.40
8.15
8.01
8.10
8.10
8.00
7.50
7.07
6.30
4.67
3.80
2.52
7.96
9.00
9.80
9.86
10.06
9.88
9.20
8.31
8.40
8.40
8.00
8.07
8.10
8.08
7.61
7.49
7.10
5.48
3.88
3.80
2.56
8.76
9.66
9.64
10.10
9.77
9.88
9.10
8.35
8.34
8.25
8.00
8.04
8.05
8.00
7.40
7.20
5.65
5.37
3.81
2.61
7.71
8.94
9.80
9.83
10.06
9.74
9.27
8.31
8.40
8.40
8.06
7.98
8.10
8.10
7.70
7.50
7.10
5.50
3.85
3.80
2.36
8.89
9.10
9.76
9.98
9.78
9.88
9.14
8.37
8.40
8.40
8.00
8.10
8.10
8.03
7.47
7.44
7.10
5.47
3.88
3.80
3.37
8.79
9.77
9.67
10.10
9.87
9.57
8.94
8.40
8.40
8.13
8.01
8.10
8.10
7.89
7.50
6.95
6.62
4.71
3.80
2.51
8.22
8.99
9.80
9.90
10.10
9.79
9.19
8.34
8.40
8.40
8.00
8.02
8.10
8.05
7.49
7.46
7.10
5.48
3.88
3.64
4.83
8.73
9.80
9.70
10.10
9.73
9.27
8.62
8.40
8.40
8.01
7.94
8.10
8.10
7.78
7.50
7.10
5.98
4.31
3.80
2.29
8.74
9.43
9.69
10.09
10.09
9.91
9.02
8.37
8.36
8.30
8.00
8.04
8.06
8.00
7.40
7.19
6.12
5.43
3.80
3.29
5.89
8.77
9.80
9.72
10.10
9.78
9.28
8.52
8.40
8.40
8.00
7.99
8.10
8.09
7.74
7.40
7.05
5.50
4.29
3.80
2.67
8.94
9.69
9.60
10.10
9.79
9.80
8.86
8.39
8.37
8.06
7.98
8.10
8.10
7.92
7.50
6.95
6.59
4.61
3.80
2.61
8.13
8.96
9.80
9.87
10.10
9.78
9.23
8.32
8.39
8.40
8.00
8.10
8.10
8.03
7.50
7.38
7.10
5.42
3.87
3.80
2.88
8.77
9.73
9.68
10.10
9.89
9.69
8.86
8.38
8.39
8.21
8.00
8.10
8.10
8.00
7.41
7.29
7.10
5.64
3.83
3.80
3.98
8.35
9.80
9.66
10.10
9.95
9.54
8.30
8.35
8.35
8.11
7.98
8.03
8.06
8.00
7.40
7.11
5.82
5.29
3.81
3.29
5.98
8.77
9.80
9.71
10.10
10.01
9.27
8.71
8.40
8.39
7.99
7.98
8.10
8.10
7.84
7.40
7.07
5.66
4.74
3.80
2.51
8.58
9.07
9.70
9.95
10.10
9.85
9.13
8.34
8.40
8.40
8.00
8.10
8.10
8.02
7.43
7.36
7.10
5.58
3.86
3.80
3.20
8.72
9.77
9.57
10.10
9.89
9.83
9.10
8.40
8.40
8.11
7.96
8.10
8.10
8.00
7.44
7.12
6.62
4.82
3.80
2.78
7.94
8.99
9.80
9.86
10.10
9.75
9.18
8.32
8.40
8.40
8.00
8.06
8.10
8.04
7.58
7.47
7.10
5.49
3.84
3.80
2.21
8.69
9.41
9.64
10.09
10.05
9.94
9.10
8.37
8.40
8.37
8.00
8.10
8.10
8.00
7.50
7.29
6.78
5.37
3.84
3.80
3.75
8.70
9.80
9.67
10.10
9.99
9.69
8.70
8.39
8.39
8.16
8.00
8.10
8.10
8.00
7.40
7.20
7.10
5.17
3.80
3.29
6.02
8.82
9.80
9.72
10.10
9.98
9.29
8.78
8.40
8.40
8.00
8.01
8.10
8.09
7.83
7.50
6.95
5.50
4.79
3.80
2.68
7.95
8.98
9.80
9.81
10.10
9.78
9.24
8.32
8.37
8.38
8.00
7.96
8.00
8.00
7.44
7.40
7.04
5.45
3.88
3.80
2.59
8.86
9.69
9.66
10.10
10.19
9.91
9.02
8.40
8.40
8.27
8.00
8.10
8.10
8.00
7.50
7.23
7.10
5.37
3.82
3.64
4.82
8.73
9.80
9.70
10.10
9.81
9.63
8.30
8.40
8.40
7.99
7.94
8.10
8.10
7.83
7.50
7.05
5.82
4.01
3.80
2.65
8.90
9.69
9.73
10.10
9.95
9.91
9.10
8.40
8.40
8.22
8.00
8.10
8.10
8.00
7.50
7.24
6.62
5.63
3.82
3.63
4.94
8.71
9.80
9.70
10.10
10.03
9.52
8.86
8.40
8.40
8.07
7.98
8.10
8.10
8.00
7.50
7.12
6.62
5.07
3.80
3.32
5.83
8.87
9.80
9.71
10.10
9.80
9.34
8.36
8.40
8.40
8.00
8.01
8.10
8.09
7.69
7.50
7.10
5.50
3.98
3.80
2.68
8.30
8.97
9.80
9.93
10.06
9.86
9.14
8.48
8.40
8.39
8.00
8.06
8.10
8.06
7.66
7.47
7.10
5.66
3.87
3.80
2.19
8.83
9.22
9.68
10.01
10.03
9.93
9.02
8.37
8.40
8.40
8.01
8.10
8.10
8.04
7.44
7.46
6.78
5.50
3.88
3.80
2.24
8.72
9.33
9.63
10.05
10.11
9.95
9.02
8.39
8.40
8.35
8.00
8.10
8.10
8.00
7.50
7.37
7.10
5.50
3.86
3.80
3.01
8.83
9.74
9.65
10.16
10.11
9.85
8.70
8.40
8.40
8.19
8.00
8.10
8.10
8.00
7.50
7.23
6.94
5.57
3.83
3.80
4.54
8.60
9.80
9.70
10.10
9.90
9.52
8.54
8.38
8.39
8.06
7.96
8.10
8.10
7.92
7.40
7.00
5.50
4.27
3.80
2.27
8.87
9.12
9.74
9.96
10.07
9.88
9.13
8.63
8.40
8.40
8.02
8.05
8.10
8.08
7.58
7.47
7.10
5.50
3.88
3.80
3.50
8.47
9.78
9.63
10.10
10.15
9.81
8.54
8.40
8.40
8.07
7.92
8.10
8.10
7.92
7.50
7.03
6.94
4.58
3.80
2.52
8.34
9.05
9.80
9.98
10.20
9.84
9.16
8.33
8.40
8.40
8.00
8.00
8.10
8.04
7.49
7.44
7.10
5.48
3.88
3.80
2.66
8.93
9.69
9.69
10.10
9.89
9.93
9.10
8.40
8.40
8.30
8.10
8.10
8.10
8.10
7.50
7.19
7.10
5.40
3.85
3.80
4.61
8.64
9.80
9.78
10.20
9.93
9.60
8.70
8.40
8.40
8.12
8.00
8.10
8.10
8.10
7.50
7.06
6.94
4.83
3.80
2.20
8.75
9.27
9.69
10.10
10.19
9.92
9.14
8.35
8.40
8.40
8.10
8.10
8.10
8.10
7.50
7.45
7.10
5.44
3.85
3.80
2.98
8.90
9.75
9.66
10.20
9.95
9.87
8.94
8.40
8.40
8.14
8.00
8.10
8.10
8.00
7.50
7.07
6.78
4.68
3.80
2.84
7.11
8.88
9.80
9.78
10.10
9.75
9.28
8.42
8.40
8.40
8.00
7.94
8.10
8.10
7.87
7.50
7.00
5.50
4.23
3.80
2.22
8.70
9.33
9.67
10.07
10.13
9.92
9.14
8.39
8.39
8.35
8.00
8.10
8.10
8.07
7.50
7.27
7.10
5.61
3.86
3.80
3.36
8.80
9.77
9.73
10.10
9.96
9.84
8.54
8.40
8.40
8.24
8.10
8.10
8.10
8.10
7.50
7.07
6.14
4.60
3.90
2.54
8.63
9.09
9.70
9.95
10.00
9.89
9.15
8.36
8.40
8.40
8.10
7.98
8.10
8.10
7.62
7.50
7.10
5.50
3.86
3.80
3.08
8.52
9.75
9.64
10.10
10.04
9.84
8.62
8.40
8.40
8.25
8.06
8.10
8.10
8.06
7.50
7.33
6.46
5.51
3.83
3.80
3.82
8.68
9.80
9.74
10.20
10.05
9.62
8.86
8.40
8.40
8.12
8.00
8.10
8.10
8.00
7.50
7.10
6.62
4.82
3.80
2.95
7.30
8.93
9.80
9.82
10.10
9.78
9.34
8.30
8.40
8.40
8.00
8.03
8.10
8.07
7.71
7.50
7.10
5.50
3.85
3.80
2.24
8.87
9.35
9.63
10.09
10.01
9.96
9.10
8.37
8.40
8.40
8.03
8.10
8.10
8.04
7.47
7.45
7.10
5.41
3.86
3.80
3.86
8.72
9.80
9.74
10.10
9.91
9.66
8.54
8.40
8.40
8.17
8.10
8.10
8.10
8.09
7.50
7.15
6.14
5.12
3.80
3.32
6.23
8.86
9.80
9.81
10.20
9.96
9.41
8.28
8.40
8.40
8.05
8.01
8.10
8.10
7.83
7.50
7.06
5.82
3.84
3.80
2.20
9.01
9.24
9.74
10.02
9.99
9.90
9.15
8.37
8.40
8.40
8.08
8.10
8.10
8.07
7.50
7.48
7.10
5.44
3.86
3.80
3.65
8.54
9.79
9.69
10.20
9.87
9.71
8.62
8.40
8.40
8.18
8.10
8.10
8.10
8.10
7.50
7.01
6.14
4.47
3.90
2.71
7.42
8.88
9.80
9.87
10.10
9.84
9.22
8.33
8.38
8.38
8.00
8.02
8.10
8.05
7.50
7.40
7.10
5.49
3.87
3.80
2.22
8.75
9.28
9.69
10.07
10.00
9.92
9.10
8.39
8.39
8.39
8.00
8.10
8.10
8.04
7.44
7.41
7.10
5.49
3.88
3.80
3.39
8.81
9.77
9.67
10.10
10.05
9.70
8.38
8.40
8.40
8.12
8.00
8.10
8.10
8.00
7.50
7.18
6.78
4.99
3.80
2.95
6.80
8.90
9.80
9.79
10.10
9.89
9.38
8.30
8.38
8.38
8.00
7.97
8.10
8.08
7.64
7.40
7.10
5.82
3.88
3.80
2.20
8.95
9.29
9.64
10.07
10.11
9.94
9.11
8.40
8.40
8.31
8.00
8.10
8.10
8.00
7.50
7.39
7.10
5.40
3.86
3.80
4.78
8.71
9.80
9.70
10.10
9.88
9.60
8.38
8.40
8.40
8.08
7.96
8.10
8.10
8.00
7.50
7.10
6.46
4.71
3.80
2.84
7.44
8.94
9.80
9.83
10.10
9.83
9.24
8.30
8.40
8.40
8.00
8.05
8.10
8.07
7.67
7.48
7.10
5.50
3.87
3.80
2.26
9.06
9.46
9.64
10.16
10.05
9.92
8.86
8.40
8.40
8.39
8.00
8.10
8.10
8.00
7.50
7.22
7.10
5.53
3.82
3.48
5.40
8.82
9.80
9.70
10.10
9.84
9.47
8.48
8.40
8.40
8.00
8.03
8.10
8.07
7.73
7.49
7.10
5.82
3.87
3.80
2.16
8.94
9.35
9.72
10.08
9.98
9.93
9.09
8.35
8.33
8.34
8.00
8.04
8.06
8.00
7.40
7.24
7.00
5.43
3.84
3.12
6.57
8.80
9.80
9.75
10.10
9.80
9.24
8.41
8.37
8.33
8.00
7.99
8.09
8.05
7.74
7.40
6.98
5.50
4.29
3.80
2.37
8.82
9.59
9.70
10.10
9.96
9.83
9.02
8.38
8.39
8.34
8.00
8.10
8.10
8.02
7.40
7.28
7.10
5.61
3.83
3.80
4.37
8.57
9.80
9.70
10.10
10.00
9.52
8.54
8.40
8.40
8.06
7.98
8.10
8.10
8.00
7.40
7.10
6.94
4.83
3.80
2.95
6.54
8.79
9.80
9.75
10.10
9.81
9.30
8.53
8.40
8.37
8.00
8.03
8.10
8.06
7.62
7.40
7.08
5.91
3.88
3.80
1.90
