1.70
2.73
8.73
9.66
9.74
10.20
10.26
9.96
9.21
8.40
8.40
8.33
8.10
8.10
7.14
6.50
5.90
5.66
5.50
5.32
3.90
2.88
7.78
8.98
9.80
9.93
10.20
9.96
8.96
8.34
8.40
8.40
8.10
8.10
8.10
8.10
5.90
5.73
5.50
5.57
3.90
3.90
8.89
9.06
9.75
10.04
10.20
9.96
9.21
8.39
8.40
8.40
8.10
8.10
8.10
8.10
5.90
5.87
5.50
5.62
3.90
3.90
8.87
9.06
9.73
10.02
10.20
9.89
9.20
8.33
8.40
8.40
8.09
8.03
8.10
8.10
6.43
5.90
5.50
5.50
3.89
3.90
6.86
8.91
9.80
9.83
10.20
9.96
9.36
8.33
8.40
8.40
8.10
8.02
8.10
8.10
7.80
5.90
5.50
5.50
3.99
3.80
4.07
8.71
9.80
9.74
10.20
10.04
9.87
9.02
8.40
8.40
8.19
8.05
8.10
8.10
8.01
7.50
5.45
5.50
4.32
3.80
4.76
8.69
9.80
9.79
10.20
9.94
9.56
8.78
8.40
8.40
8.14
8.07
8.10
8.10
8.10
7.50
5.53
5.50
4.75
3.90
3.60
8.73
9.78
9.74
10.20
10.18
9.72
8.78
8.40
8.40
8.22
8.07
8.10
8.10
8.08
7.50
6.20
5.50
5.00
3.80
3.37
8.89
9.75
9.64
10.20
9.91
9.87
8.86
8.40
8.40
8.25
8.09
8.10
8.10
8.08
7.50
6.93
5.50
5.21
3.83
3.64
8.88
9.25
9.74
10.05
10.08
9.92
9.17
8.37
8.40
8.40
8.05
8.10
8.10
8.10
7.50
7.42
5.50
5.57
3.82
3.52
8.82
9.31
9.70
10.14
10.11
9.91
9.11
8.37
8.40
8.36
8.09
8.10
8.10
8.10
7.50
6.95
5.50
5.66
3.90
3.60
8.74
9.34
9.65
10.14
10.23
9.96
9.12
8.37
8.40
8.35
8.10
8.10
8.10
8.10
7.50
7.31
5.50
5.49
3.92
3.90
8.77
9.13
9.76
10.06
10.13
9.97
9.23
8.35
8.40
8.40
8.10
8.03
8.10
8.10
7.62
7.50
5.98
5.50
3.93
3.90
8.32
9.05
9.80
10.01
10.20
9.90
9.28
8.33
8.40
8.40
8.10
8.09
8.10
8.10
7.56
7.50
7.10
5.50
3.87
3.80
8.85
9.05
9.70
10.01
10.19
9.95
9.21
8.36
8.40
8.40
8.09
8.09
8.10
8.10
7.50
7.48
6.62
5.44
3.86
3.80
8.45
9.02
9.80
10.01
10.20
9.88
9.18
8.34
8.40
8.40
8.10
8.00
8.10
8.10
7.58
7.50
7.10
5.50
3.91
3.90
7.23
8.94
9.80
9.87
10.20
9.90
9.34
8.32
8.40
8.40
8.10
8.00
8.10
8.10
7.65
7.50
6.78
5.50
3.88
3.90
6.97
8.84
9.80
9.86
10.20
9.86
9.40
8.42
8.40
8.40
8.10
8.07
8.10
8.10
7.84
7.50
7.10
5.50
3.87
3.80
4.83
8.71
9.80
9.79
10.20
9.92
9.52
8.86
8.40
8.40
8.10
8.00
8.10
8.10
7.78
7.50
7.10
5.66
3.84
3.90
4.13
8.35
9.80
9.73
10.20
9.87
9.64
8.46
8.40
8.40
8.10
8.06
8.10
8.10
7.71
7.50
7.10
5.50
3.89
3.80
6.79
8.91
9.80
9.82
10.20
9.92
9.35
8.45
8.40
8.40
8.10
7.99
8.10
8.10
7.65
7.50
7.10
5.50
3.90
3.90
7.71
8.91
9.80
9.94
10.20
9.85
9.21
8.56
8.40
8.40
8.03
8.06
8.10
8.05
7.44
7.45
7.10
5.50
3.87
3.80
7.98
8.93
9.80
9.94
10.20
9.80
9.30
8.32
8.40
8.40
8.10
8.00
8.10
8.10
7.52
7.50
6.78
5.50
3.92
3.90
7.39
8.94
9.80
9.88
10.20
9.81
9.32
8.33
8.40
8.40
8.10
8.08
8.10
8.10
7.65
7.50
7.10
5.50
3.92
3.90
6.38
8.89
9.80
9.82
10.16
9.88
9.43
8.28
8.40
8.40
8.10
8.04
8.10
8.10
7.83
7.50
7.10
5.50
3.87
3.90
6.84
8.92
9.80
9.85
10.20
9.93
9.34
8.30
8.40
8.40
8.10
7.98
8.10
8.10
7.71
7.50
7.10
5.50
3.91
3.90
6.68
8.88
9.80
9.86
10.20
9.91
9.36
8.57
8.40
8.40
8.10
8.01
8.10
8.10
7.66
7.50
7.10
6.62
3.97
3.90
6.84
8.91
9.80
9.86
10.20
9.92
9.39
8.64
8.40
8.40
8.10
8.06
8.10
8.10
7.83
7.50
7.10
5.50
3.84
3.90
3.81
8.46
9.79
9.65
10.20
10.19
9.86
9.10
8.40
8.40
8.20
8.10
8.10
8.10
8.10
7.50
7.07
6.14
4.44
3.90
3.93
8.53
9.79
9.74
10.20
9.91
9.74
9.02
8.40
8.40
8.20
8.10
8.10
8.10
8.10
7.50
7.14
6.46
4.92
3.80
3.31
9.03
9.54
9.64
10.19
10.24
9.78
9.10
8.40
8.40
8.29
8.09
8.10
8.10
8.08
7.50
7.18
7.10
4.98
3.80
3.33
9.01
9.63
9.74
10.20
10.17
9.83
9.04
8.40
8.40
8.31
8.10
8.10
8.10
8.10
7.50
7.20
6.14
4.71
3.80
3.31
8.95
9.63
9.64
10.20
10.05
9.87
9.10
8.40
8.40
8.29
8.09
8.10
8.10
8.10
7.50
7.30
7.10
5.67
3.82
3.52
8.86
9.32
9.72
10.17
10.17
9.94
9.12
8.40
8.40
8.27
8.10
8.10
8.10
8.10
7.50
7.25
7.10
5.25
3.90
3.35
9.03
9.52
9.74
10.19
10.04
9.93
9.05
8.40
8.40
8.30
8.10
8.10
8.10
8.10
7.50
7.26
6.46
5.42
3.92
3.47
8.77
9.48
9.74
10.19
10.16
9.94
9.14
8.38
8.40
8.40
8.10
8.10
8.10
8.10
7.50
7.34
6.62
5.64
3.92
3.60
8.83
9.30
9.67
10.14
10.23
9.94
9.21
8.40
8.40
8.36
8.10
8.10
8.10
8.10
7.50
7.36
6.94
5.57
3.92
3.60
8.99
9.25
9.72
10.10
10.17
9.95
9.22
8.36
8.40
8.40
8.10
8.10
8.10
8.10
7.50
7.46
6.78
5.42
3.92
3.46
8.82
9.59
9.72
10.20
10.26
9.86
9.12
8.40
8.40
8.30
8.10
8.10
8.10
8.10
7.50
7.29
7.10
5.53
3.91
3.42
9.05
9.54
9.64
10.19
10.20
9.88
9.10
8.40
8.40
8.28
8.04
8.10
8.10
8.07
7.50
7.17
6.94
5.41
3.82
3.64
9.05
9.25
9.65
10.10
10.21
9.93
9.15
8.35
8.40
8.40
8.05
8.05
8.10
8.07
7.58
7.49
7.10
5.50
3.89
3.80
8.15
9.03
9.80
9.98
10.20
9.92
9.27
8.41
8.40
8.40
8.10
8.10
8.10
8.10
7.50
7.54
7.10
5.50
3.87
3.80
7.55
8.89
9.80
9.88
10.20
9.95
9.28
8.43
8.40
8.40
8.03
8.05
8.10
8.10
7.64
7.50
7.10
5.50
3.86
3.80
5.00
8.74
9.80
9.79
10.20
10.25
9.44
8.46
8.40
8.40
8.10
8.04
8.10
8.10
7.77
7.50
7.10
6.78
3.90
3.90
4.83
8.74
9.80
9.79
10.20
10.07
9.40
9.02
8.40
8.40
8.08
8.04
8.10
8.10
7.80
7.50
7.05
6.14
4.45
3.80
5.90
8.87
9.80
9.80
10.20
9.93
9.43
8.52
8.40
8.40
8.09
8.06
8.10
8.10
7.92
7.50
7.00
6.14
4.29
3.90
4.62
8.63
9.80
9.79
10.20
9.95
9.40
9.10
8.40
8.40
8.12
8.09
8.10
8.10
8.02
7.50
7.00
6.46
4.68
3.90
4.64
8.65
9.80
9.79
10.20
9.88
9.40
8.94
8.40
8.40
8.12
8.06
8.10
8.10
8.02
7.50
7.06
5.50
4.64
3.90
5.76
8.85
9.80
9.81
10.20
9.88
9.33
8.39
8.40
8.40
8.05
8.03
8.10
8.10
7.86
7.50
7.10
5.50
3.87
3.80
8.22
9.03
9.80
9.96
10.20
9.87
9.28
8.43
8.40
8.40
8.10
8.06
8.10
8.10
7.65
7.50
7.10
5.66
3.88
3.90
8.52
9.04
9.80
9.96
10.20
9.86
9.20
8.33
8.40
8.40
8.10
8.05
8.10
8.10
7.47
7.51
7.10
5.50
3.89
3.90
6.60
8.85
9.80
9.86
10.20
9.93
9.36
8.37
8.40
8.40
8.10
8.07
8.10
8.10
7.82
7.50
7.10
5.50
4.02
3.80
6.07
8.90
9.80
9.81
10.20
9.92
9.48
8.72
8.40
8.40
8.10
7.99
8.10
8.10
7.83
7.50
7.10
5.50
3.91
3.90
6.00
8.90
9.80
9.78
10.20
9.92
9.44
8.54
8.40
8.40
8.10
8.05
8.10
8.10
7.76
7.50
7.10
5.50
3.92
3.90
4.49
8.62
9.80
9.79
10.20
9.95
9.64
9.10
8.40
8.40
8.13
8.04
8.10
8.10
7.90
7.50
7.02
6.62
4.55
3.90
3.48
8.89
9.75
9.64
10.20
10.11
9.90
9.09
8.40
8.40
8.25
8.10
8.10
8.10
8.10
7.50
7.28
6.30
5.41
3.82
3.44
8.94
9.76
9.67
10.20
9.86
9.73
9.10
8.40
8.40
8.25
8.10
8.10
8.10
8.10
7.50
7.15
6.78
4.89
3.90
3.41
9.02
9.37
9.73
10.17
10.19
9.95
9.14
8.38
8.40
8.36
8.10
8.10
8.10
8.10
7.50
7.20
7.10
5.11
3.90
3.46
8.75
9.46
9.64
10.17
10.16
9.96
9.13
8.40
8.40
8.31
8.10
8.10
8.10
8.10
7.50
7.18
6.78
5.34
3.90
3.34
8.93
9.71
9.64
10.20
10.02
9.89
9.10
8.40
8.40
8.26
8.10
8.10
8.10
8.10
7.50
7.19
6.94
5.21
3.90
3.40
8.97
9.52
9.74
10.19
10.13
9.93
9.10
8.40
8.40
8.32
8.10
8.10
8.10
8.10
7.50
7.32
7.10
5.63
3.90
3.48
8.75
9.66
9.70
10.20
10.14
9.90
9.02
8.40
8.40
8.27
8.10
8.10
8.10
8.10
7.50
7.24
6.30
5.32
3.81
3.80
8.69
9.13
9.73
10.09
10.21
9.95
9.16
8.38
8.40
8.40
8.10
8.05
8.10
8.10
7.50
7.50
7.10
5.50
3.89
3.90
8.12
9.00
9.80
9.96
10.20
9.88
9.22
8.40
8.40
8.40
8.10
7.99
8.10
8.10
7.66
7.50
7.10
5.50
3.84
3.80
4.39
8.59
9.80
9.77
10.20
9.97
9.83
8.70
8.40
8.40
8.11
8.00
8.10
8.10
8.05
7.50
7.06
5.50
4.57
3.90
3.66
8.76
9.78
9.72
10.20
9.87
9.93
9.11
8.40
8.40
8.21
8.14
8.10
8.10
8.10
7.50
7.07
6.30
4.63
3.90
4.02
8.71
9.80
9.76
10.20
10.01
9.76
9.12
8.40
8.40
8.18
8.10
8.10
8.10
8.10
7.50
7.12
5.66
4.78
3.90
3.55
8.89
9.70
9.74
10.20
10.03
9.95
9.10
8.40
8.40
8.28
8.10
8.10
8.10
8.10
7.50
7.15
7.10
5.08
3.90
3.46
8.71
9.66
9.71
10.20
10.03
9.94
9.04
8.40
8.40
8.29
8.10
8.10
8.10
8.10
7.50
7.29
7.10
5.32
3.90
3.60
9.10
9.35
9.72
10.14
10.21
9.95
9.14
8.37
8.40
8.35
8.10
8.10
8.10
8.10
7.50
7.37
7.10
5.51
3.90
3.50
8.90
9.49
9.64
10.19
10.24
9.93
9.10
8.40
8.40
8.29
8.09
8.10
8.10
8.06
7.50
7.23
7.10
5.58
3.82
3.38
9.08
9.42
9.65
10.17
10.11
9.94
9.11
8.40
8.40
8.34
8.10
8.10
8.10
8.10
7.50
7.23
6.94
5.49
3.84
3.80
8.91
9.22
9.72
10.07
10.20
9.94
9.13
8.37
8.40
8.40
8.09
8.10
8.10
8.10
7.47
7.50
7.10
5.50
3.87
3.80
7.74
8.92
9.80
9.93
10.20
9.90
9.23
8.34
8.40
8.40
8.00
8.01
8.10
8.07
7.74
7.50
7.00
5.66
4.40
3.80
4.02
8.32
9.80
9.71
10.20
9.93
9.77
8.62
8.40
8.40
8.19
8.08
8.10
8.10
8.10
7.50
7.21
5.98
5.01
3.80
3.31
8.91
9.69
9.74
10.20
10.10
9.93
9.11
8.40
8.40
8.23
8.10
8.10
8.10
8.10
7.50
7.19
6.94
5.08
3.90
3.33
8.95
9.62
9.74
10.20
10.05
9.93
9.10
8.40
8.40
8.26
8.10
8.10
8.10
8.10
7.50
7.23
5.98
5.37
3.81
3.39
8.71
9.46
9.67
10.17
10.12
9.94
9.10
8.40
8.40
8.34
8.10
8.10
8.10
8.10
7.50
7.22
7.10
5.59
3.82
3.59
8.58
9.77
9.69
10.20
10.00
9.84
9.10
8.40
8.40
8.20
8.08
8.10
8.10
8.10
7.50
7.07
6.30
5.17
3.80
3.30
8.93
9.69
9.73
10.20
10.26
9.90
9.11
8.40
8.40
8.26
8.10
8.10
8.10
8.10
7.50
7.18
5.98
5.40
3.91
3.46
9.10
9.46
9.66
10.17
10.00
9.95
9.10
8.37
8.40
8.40
8.08
8.10
8.10
8.10
7.50
7.40
6.62
5.44
3.90
3.42
9.04
9.37
9.70
10.17
9.96
9.94
9.16
8.37
8.40
8.35
8.10
8.10
8.10
8.10
7.50
7.44
7.10
5.46
3.91
3.90
8.65
9.17
9.67
10.06
10.16
9.93
9.18
8.51
8.40
8.40
8.10
8.10
8.10
8.10
7.50
7.52
7.10
5.50
3.90
3.90
7.54
8.89
9.80
9.90
10.20
9.93
9.32
8.95
8.40
8.40
8.10
8.08
8.10
8.10
7.56
7.50
7.10
5.49
3.88
3.80
8.83
9.19
9.70
10.06
10.20
9.95
9.17
8.35
8.40
8.40
8.10
8.10
8.10
8.10
7.50
7.44
7.10
5.46
3.85
3.80
8.63
9.09
9.80
10.01
10.20
9.87
9.25
8.38
8.40
8.40
8.10
8.09
8.10
8.10
7.50
7.50
7.10
5.46
3.88
3.80
6.94
8.93
9.80
9.85
10.20
9.97
9.31
9.10
8.40
8.40
8.10
8.06
8.10
8.10
7.75
7.50
7.10
5.50
3.87
3.80
5.01
8.74
9.80
9.79
10.20
9.95
9.57
9.02
8.40
8.40
8.13
8.06
8.10
8.10
7.90
7.50
7.00
6.14
4.28
3.90
4.38
8.59
9.80
9.77
10.20
9.97
9.45
9.10
8.40
8.40
8.13
8.07
8.10
8.10
7.89
7.50
7.10
5.82
3.98
3.80
3.51
8.94
9.76
9.64
10.20
9.95
9.75
9.10
8.40
8.40
8.20
8.05
8.10
8.10
8.00
7.50
7.15
6.14
5.55
3.82
3.46
8.73
9.66
9.64
10.20
10.12
9.94
9.02
8.40
8.40
8.26
8.10
8.10
8.10
8.10
7.50
7.25
6.62
5.32
3.81
3.64
9.02
9.24
9.65
10.10
10.21
9.93
9.10
8.35
8.40
8.40
8.03
8.10
8.10
8.00
7.50
7.50
7.10
5.45
3.87
3.64
8.97
9.26
9.66
10.07
10.19
9.93
9.10
8.35
8.40
8.40
8.08
8.10
8.10
8.08
7.47
7.46
6.62
5.50
3.88
3.80
6.95
8.93
9.80
9.86
10.20
9.89
9.32
8.54
8.40
8.40
8.10
7.97
8.10
8.10
7.56
7.50
7.10
5.50
3.88
3.80
8.79
9.17
9.74
10.03
10.12
9.90
9.16
8.51
8.40
8.40
8.00
8.10
8.10
8.03
7.47
7.45
7.10
5.46
3.87
3.80
7.04
8.83
9.80
9.81
10.10
9.84
9.26
8.85
8.37
8.39
8.00
8.05
8.10
8.09
7.72
7.40
7.05
6.46
4.01
3.80
2.06
