1.80
2.42
2.38
2.21
2.50
2.31
2.08
2.46
2.34
2.31
2.33
2.25
2.13
2.38
2.30
2.23
2.35
2.29
2.21
2.35
2.28
2.43
2.32
2.16
2.50
2.32
2.05
2.47
2.30
2.12
2.44
2.30
2.17
2.39
2.30
2.40
2.33
2.13
2.51
2.30
2.23
2.37
2.26
2.48
2.32
2.07
2.50
2.30
2.37
2.40
2.27
2.48
2.32
2.11
2.51
2.30
2.31
2.36
2.26
2.42
2.29
2.10
2.47
2.29
2.08
2.50
2.30
2.13
2.36
2.25
2.42
2.30
2.09
2.44
2.30
2.17
2.36
2.30
2.11
2.33
2.27
2.42
2.30
2.14
2.46
2.30
2.11
2.44
2.28
2.34
2.34
2.14
2.48
2.30
2.05
2.45
2.26
2.44
2.29
2.07
2.45
2.30
2.05
2.43
2.28
2.30
2.35
2.15
2.45
2.30
2.11
2.34
2.26
2.46
2.32
2.07
2.44
2.29
2.22
2.34
2.21
2.42
2.29
2.05
2.46
2.30
2.23
2.40
2.29
2.46
2.31
2.15
2.51
2.30
2.11
2.41
2.29
2.46
2.35
2.14
2.52
2.34
2.24
2.40
2.30
2.47
2.37
2.13
2.53
2.30
2.16
2.43
2.29
2.43
2.30
2.16
2.52
2.30
2.22
2.40
2.28
2.51
2.30
2.11
2.50
2.30
2.31
2.34
2.21
2.49
2.30
2.16
2.44
2.30
2.35
2.39
2.25
2.49
2.30
2.15
2.45
2.29
2.44
2.34
2.14
2.52
2.36
2.25
2.40
2.30
2.49
2.33
2.18
2.50
2.30
2.11
2.45
2.27
2.45
2.30
2.08
2.43
2.29
2.11
2.42
2.27
2.33
2.34
2.28
2.39
2.30
2.06
2.46
2.30
2.25
2.36
2.23
2.42
2.30
2.00
2.49
2.30
2.19
2.36
2.27
2.39
2.29
2.01
2.47
2.30
2.08
2.37
2.26
2.39
2.29
2.03
2.50
2.30
2.14
2.38
2.28
2.32
2.36
2.26
2.37
2.30
2.08
2.47
2.30
2.17
2.35
2.26
2.44
2.29
2.11
2.45
2.29
2.06
2.45
2.30
1.81
1.80
1.80
1.80
1.80
1.80
1.80
1.80
1.80
1.80
1.80
1.80
1.80
1.80
1.80
1.80
1.80
1.80
1.80
1.80
1.80
1.80
1.80
1.80
1.80
1.80
1.80
1.80
1.80
1.80
1.80
1.80
1.80
1.80
1.80
1.80
1.80
1.80
1.80
1.80
1.80
1.80
1.80
1.80
1.80
1.80
1.80
1.80
1.80
1.80
1.80
1.80
1.80
1.80
1.80
1.80
1.80
1.80
1.80
1.80
1.80
1.80
1.80
1.80
1.80
1.80
1.80
1.80
1.80
1.80
1.80
1.80
1.80
1.80
1.80
1.80
1.80
1.80
1.80
1.80
1.80
1.80
1.80
1.80
1.80
1.80
1.80
1.80
1.80
1.80
1.80
1.80
1.80
1.80
1.80
1.80
1.80
1.80
1.80
1.80
1.80
1.80
1.80
1.80
1.80
1.80
1.80
1.80
1.80
1.80
1.80
1.80
1.80
1.80
1.80
1.80
1.80
1.80
1.80
1.80
1.80
1.80
1.80
1.80
1.80
1.80
1.80
1.80
1.80
1.80
1.80
1.80
1.80
1.80
1.80
1.80
1.80
1.80
1.80
1.80
1.80
1.80
1.80
1.80
1.80
1.80
1.80
1.80
1.80
1.80
1.80
