.10
.72
.90
.82
1.02
.98
.94
.94
.95
.91
.98
.93
.90
.95
.91
.94
.88
.93
.88
1.00
1.02
.95
.92
.90
.93
.98
1.00
1.03
.90
.94
.86
1.00
1.02
1.04
.80
.94
.91
.90
.98
.94
1.00
.92
.94
1.01
.90
.91
.85
.88
.96
.95
.92
1.01
1.02
1.01
1.02
1.02
.93
.96
.96
1.00
1.00
.99
.95
.90
1.00
.93
1.03
1.02
1.05
.94
.93
.98
.95
.90
1.00
.93
1.00
1.01
.95
1.00
1.03
.94
1.02
.98
.94
.91
1.06
1.00
1.02
1.03
.94
1.01
.97
.93
1.04
1.00
1.01
1.04
.98
1.02
1.06
1.00
1.00
.93
1.02
1.05
1.00
.95
.86
.92
1.04
1.00
1.00
.95
1.00
1.04
1.03
.93
1.04
.99
1.04
1.02
1.02
.91
1.00
1.03
.96
.90
1.00
1.00
1.00
1.01
1.03
1.00
1.01
.93
1.01
.96
.94
1.04
1.00
.99
.82
.70
